delta2:array([[  1.07796885e-09,   1.49437586e-01,   2.91600738e-14, ...,
          4.64180414e-11,   1.99987845e-11,   1.74449267e-07],
       [  1.28105473e-14,   3.48692779e-05,   0.00000000e+00, ...,
          0.00000000e+00,   1.21237109e-09,   5.72860633e-07],
       [  3.44290557e-15,   2.57586444e-09,   0.00000000e+00, ...,
          0.00000000e+00,   2.73980485e-10,   9.88579276e-08],
       ..., 
       [  2.50512331e-05,   3.90566302e-16,   1.19312953e-06, ...,
          4.93705966e-07,   3.99266669e-04,   2.26271001e-05],
       [  1.67304362e-05,   7.94256831e-20,   3.47866358e-06, ...,
          5.63194900e-07,   5.25631945e-04,   3.97424164e-06],
       [  2.77069704e-04,  -7.45072272e-18,   7.85742831e-04, ...,
          8.52293166e-06,  -1.08769406e-13,   1.21029062e-08]])delta3:array([[ -1.36970001e-001,  -1.36970001e-001,  -1.36970001e-001, ...,
         -4.12099942e-002,  -1.36970001e-001,  -1.36970001e-001],
       [ -1.91360607e-001,  -1.91360607e-001,   4.51404282e-287, ...,
          0.00000000e+000,  -1.91360607e-001,  -4.31969632e-002],
       [  6.61827694e-301,  -3.18227563e-001,   1.30311296e-286, ...,
          0.00000000e+000,  -3.18227563e-001,   0.00000000e+000],
       ..., 
       [ -5.18363559e-002,   3.47734629e-313,  -2.37040911e-001, ...,
          0.00000000e+000,   0.00000000e+000,  -2.37040911e-001],
       [  1.31069183e-301,   2.27136375e-314,  -6.04230823e-002, ...,
          0.00000000e+000,   0.00000000e+000,  -4.69788459e-001],
       [  2.58358170e-305,   2.17388884e-322,   1.91233672e-280, ...,
          0.00000000e+000,   0.00000000e+000,  -9.51625820e-002]])dW1:array([[ nan,  nan,  nan,  nan,  nan,  nan,  nan,  nan,  nan,  nan,  nan,
         nan,  nan,  nan,  nan,  nan,  nan,  nan,  nan,  nan,  nan,  nan,
         nan,  nan,  nan,  nan,  nan,  nan,  nan,  nan,  nan,  nan,  nan,
         nan,  nan,  nan,  nan,  nan,  nan,  nan,  nan,  nan,  nan,  nan,
         nan,  nan,  nan,  nan,  nan,  nan,  nan,  nan,  nan,  nan,  nan,
         nan,  nan,  nan,  nan,  nan,  nan,  nan,  nan,  nan,  nan,  nan,
         nan,  nan,  nan,  nan,  nan,  nan,  nan,  nan,  nan,  nan,  nan,
         nan,  nan,  nan,  nan,  nan,  nan,  nan,  nan,  nan,  nan,  nan,
         nan,  nan,  nan,  nan,  nan,  nan,  nan,  nan,  nan,  nan,  nan,
         nan],
       [ nan,  nan,  nan,  nan,  nan,  nan,  nan,  nan,  nan,  nan,  nan,
         nan,  nan,  nan,  nan,  nan,  nan,  nan,  nan,  nan,  nan,  nan,
         nan,  nan,  nan,  nan,  nan,  nan,  nan,  nan,  nan,  nan,  nan,
         nan,  nan,  nan,  nan,  nan,  nan,  nan,  nan,  nan,  nan,  nan,
         nan,  nan,  nan,  nan,  nan,  nan,  nan,  nan,  nan,  nan,  nan,
         nan,  nan,  nan,  nan,  nan,  nan,  nan,  nan,  nan,  nan,  nan,
         nan,  nan,  nan,  nan,  nan,  nan,  nan,  nan,  nan,  nan,  nan,
         nan,  nan,  nan,  nan,  nan,  nan,  nan,  nan,  nan,  nan,  nan,
         nan,  nan,  nan,  nan,  nan,  nan,  nan,  nan,  nan,  nan,  nan,
         nan],
       [ nan,  nan,  nan,  nan,  nan,  nan,  nan,  nan,  nan,  nan,  nan,
         nan,  nan,  nan,  nan,  nan,  nan,  nan,  nan,  nan,  nan,  nan,
         nan,  nan,  nan,  nan,  nan,  nan,  nan,  nan,  nan,  nan,  nan,
         nan,  nan,  nan,  nan,  nan,  nan,  nan,  nan,  nan,  nan,  nan,
         nan,  nan,  nan,  nan,  nan,  nan,  nan,  nan,  nan,  nan,  nan,
         nan,  nan,  nan,  nan,  nan,  nan,  nan,  nan,  nan,  nan,  nan,
         nan,  nan,  nan,  nan,  nan,  nan,  nan,  nan,  nan,  nan,  nan,
         nan,  nan,  nan,  nan,  nan,  nan,  nan,  nan,  nan,  nan,  nan,
         nan,  nan,  nan,  nan,  nan,  nan,  nan,  nan,  nan,  nan,  nan,
         nan],
       [ nan,  nan,  nan,  nan,  nan,  nan,  nan,  nan,  nan,  nan,  nan,
         nan,  nan,  nan,  nan,  nan,  nan,  nan,  nan,  nan,  nan,  nan,
         nan,  nan,  nan,  nan,  nan,  nan,  nan,  nan,  nan,  nan,  nan,
         nan,  nan,  nan,  nan,  nan,  nan,  nan,  nan,  nan,  nan,  nan,
         nan,  nan,  nan,  nan,  nan,  nan,  nan,  nan,  nan,  nan,  nan,
         nan,  nan,  nan,  nan,  nan,  nan,  nan,  nan,  nan,  nan,  nan,
         nan,  nan,  nan,  nan,  nan,  nan,  nan,  nan,  nan,  nan,  nan,
         nan,  nan,  nan,  nan,  nan,  nan,  nan,  nan,  nan,  nan,  nan,
         nan,  nan,  nan,  nan,  nan,  nan,  nan,  nan,  nan,  nan,  nan,
         nan],
       [ nan,  nan,  nan,  nan,  nan,  nan,  nan,  nan,  nan,  nan,  nan,
         nan,  nan,  nan,  nan,  nan,  nan,  nan,  nan,  nan,  nan,  nan,
         nan,  nan,  nan,  nan,  nan,  nan,  nan,  nan,  nan,  nan,  nan,
         nan,  nan,  nan,  nan,  nan,  nan,  nan,  nan,  nan,  nan,  nan,
         nan,  nan,  nan,  nan,  nan,  nan,  nan,  nan,  nan,  nan,  nan,
         nan,  nan,  nan,  nan,  nan,  nan,  nan,  nan,  nan,  nan,  nan,
         nan,  nan,  nan,  nan,  nan,  nan,  nan,  nan,  nan,  nan,  nan,
         nan,  nan,  nan,  nan,  nan,  nan,  nan,  nan,  nan,  nan,  nan,
         nan,  nan,  nan,  nan,  nan,  nan,  nan,  nan,  nan,  nan,  nan,
         nan],
       [ nan,  nan,  nan,  nan,  nan,  nan,  nan,  nan,  nan,  nan,  nan,
         nan,  nan,  nan,  nan,  nan,  nan,  nan,  nan,  nan,  nan,  nan,
         nan,  nan,  nan,  nan,  nan,  nan,  nan,  nan,  nan,  nan,  nan,
         nan,  nan,  nan,  nan,  nan,  nan,  nan,  nan,  nan,  nan,  nan,
         nan,  nan,  nan,  nan,  nan,  nan,  nan,  nan,  nan,  nan,  nan,
         nan,  nan,  nan,  nan,  nan,  nan,  nan,  nan,  nan,  nan,  nan,
         nan,  nan,  nan,  nan,  nan,  nan,  nan,  nan,  nan,  nan,  nan,
         nan,  nan,  nan,  nan,  nan,  nan,  nan,  nan,  nan,  nan,  nan,
         nan,  nan,  nan,  nan,  nan,  nan,  nan,  nan,  nan,  nan,  nan,
         nan],
       [ nan,  nan,  nan,  nan,  nan,  nan,  nan,  nan,  nan,  nan,  nan,
         nan,  nan,  nan,  nan,  nan,  nan,  nan,  nan,  nan,  nan,  nan,
         nan,  nan,  nan,  nan,  nan,  nan,  nan,  nan,  nan,  nan,  nan,
         nan,  nan,  nan,  nan,  nan,  nan,  nan,  nan,  nan,  nan,  nan,
         nan,  nan,  nan,  nan,  nan,  nan,  nan,  nan,  nan,  nan,  nan,
         nan,  nan,  nan,  nan,  nan,  nan,  nan,  nan,  nan,  nan,  nan,
         nan,  nan,  nan,  nan,  nan,  nan,  nan,  nan,  nan,  nan,  nan,
         nan,  nan,  nan,  nan,  nan,  nan,  nan,  nan,  nan,  nan,  nan,
         nan,  nan,  nan,  nan,  nan,  nan,  nan,  nan,  nan,  nan,  nan,
         nan],
       [ nan,  nan,  nan,  nan,  nan,  nan,  nan,  nan,  nan,  nan,  nan,
         nan,  nan,  nan,  nan,  nan,  nan,  nan,  nan,  nan,  nan,  nan,
         nan,  nan,  nan,  nan,  nan,  nan,  nan,  nan,  nan,  nan,  nan,
         nan,  nan,  nan,  nan,  nan,  nan,  nan,  nan,  nan,  nan,  nan,
         nan,  nan,  nan,  nan,  nan,  nan,  nan,  nan,  nan,  nan,  nan,
         nan,  nan,  nan,  nan,  nan,  nan,  nan,  nan,  nan,  nan,  nan,
         nan,  nan,  nan,  nan,  nan,  nan,  nan,  nan,  nan,  nan,  nan,
         nan,  nan,  nan,  nan,  nan,  nan,  nan,  nan,  nan,  nan,  nan,
         nan,  nan,  nan,  nan,  nan,  nan,  nan,  nan,  nan,  nan,  nan,
         nan],
       [ nan,  nan,  nan,  nan,  nan,  nan,  nan,  nan,  nan,  nan,  nan,
         nan,  nan,  nan,  nan,  nan,  nan,  nan,  nan,  nan,  nan,  nan,
         nan,  nan,  nan,  nan,  nan,  nan,  nan,  nan,  nan,  nan,  nan,
         nan,  nan,  nan,  nan,  nan,  nan,  nan,  nan,  nan,  nan,  nan,
         nan,  nan,  nan,  nan,  nan,  nan,  nan,  nan,  nan,  nan,  nan,
         nan,  nan,  nan,  nan,  nan,  nan,  nan,  nan,  nan,  nan,  nan,
         nan,  nan,  nan,  nan,  nan,  nan,  nan,  nan,  nan,  nan,  nan,
         nan,  nan,  nan,  nan,  nan,  nan,  nan,  nan,  nan,  nan,  nan,
         nan,  nan,  nan,  nan,  nan,  nan,  nan,  nan,  nan,  nan,  nan,
         nan]])dB1:array([ nan,  nan,  nan,  nan,  nan,  nan,  nan,  nan,  nan,  nan,  nan,
        nan,  nan,  nan,  nan,  nan,  nan,  nan,  nan,  nan,  nan,  nan,
        nan,  nan,  nan,  nan,  nan,  nan,  nan,  nan,  nan,  nan,  nan,
        nan,  nan,  nan,  nan,  nan,  nan,  nan,  nan,  nan,  nan,  nan,
        nan,  nan,  nan,  nan,  nan,  nan,  nan,  nan,  nan,  nan,  nan,
        nan,  nan,  nan,  nan,  nan,  nan,  nan,  nan,  nan,  nan,  nan,
        nan,  nan,  nan,  nan,  nan,  nan,  nan,  nan,  nan,  nan,  nan,
        nan,  nan,  nan,  nan,  nan,  nan,  nan,  nan,  nan,  nan,  nan,
        nan,  nan,  nan,  nan,  nan,  nan,  nan,  nan,  nan,  nan,  nan,
        nan])dW2:array([[-193.06012434, -168.85280556, -193.54973956, -170.27035188,
        -205.63418337,           nan, -176.24538645, -159.25023931,
        -166.20258599],
       [-111.7887868 , -109.53320806, -120.16471636,  -99.57683872,
        -132.8302954 ,           nan, -107.14943089,  -95.9992238 ,
        -100.69626694],
       [-193.08925918, -168.87105639, -193.54008243, -170.27687091,
        -205.63491491,           nan, -176.2570405 , -159.2598569 ,
        -166.21114731],
       [ -83.03965341,  -86.89014615,  -90.66477784,  -74.05050089,
         -93.44182368,           nan,  -80.08452019,  -81.87330719,
         -81.94686185],
       [-193.09332628, -168.87218107, -193.52357939, -170.30372351,
        -205.65610699,           nan, -176.26665509, -159.26777312,
        -166.22681823],
       [-193.06721379, -168.83997529, -193.52774059, -170.26800716,
        -205.61582353,           nan, -176.23053787, -159.23811668,
        -166.18883783],
       [-146.44530132, -147.61015496, -153.98749947, -128.07101052,
        -175.44930908,           nan, -136.63671437, -135.30818382,
        -137.0231272 ],
       [ -42.6352781 ,  -31.64383636,  -38.15412192,  -29.06743301,
         -39.55189933,           nan,  -43.17796007,  -29.52439421,
         -28.86590081],
       [-193.06364426, -168.84416192, -193.50080113, -170.26329781,
        -205.61562453,           nan, -176.22959027, -159.24029989,
        -166.18936412],
       [-174.99455531, -158.7123889 , -176.65437331, -158.60863523,
        -186.84905469,           nan, -160.62117844, -149.27318591,
        -163.60420081],
       [-193.09783314, -168.86147013, -193.24192515, -170.29887888,
        -205.64617186,           nan, -176.25470211, -159.2565767 ,
        -166.21929178],
       [-193.06256396, -168.83734273, -193.52202049, -170.26679842,
        -205.61316683,           nan, -176.22728463, -159.23692862,
        -166.18780705],
       [-176.11187181, -157.31910113, -184.92561267, -149.92413018,
        -190.33042979,           nan, -164.89239946, -155.05446386,
        -150.28898011],
       [-193.06528573, -168.84377044, -193.46724664, -170.27407361,
        -205.61626516,           nan, -176.23200081, -159.24305749,
        -166.19188823],
       [ -66.5249928 ,  -60.43256303,  -61.8887538 ,  -51.30234826,
         -66.20816919,           nan,  -61.6369886 ,  -53.00544746,
         -60.20214238],
       [-193.09752329, -168.89199735, -192.8666459 , -170.30485181,
        -205.60542315,           nan, -176.24577348, -159.26846515,
        -166.17846123],
       [-193.18190867, -168.98111307, -193.24594231, -170.37849159,
        -205.78041131,           nan, -176.39706188, -159.35441907,
        -166.3298701 ],
       [ -37.87105921,  -35.49893562,  -28.69842343,  -31.37421423,
         -45.78603902,           nan,  -37.05593022,  -27.97534466,
         -31.31853931],
       [-193.08168671, -168.85469026, -193.3264732 , -170.28675365,
        -205.63136941,           nan, -176.24226021, -159.25283574,
        -166.21078431],
       [-193.07154006, -168.85429204, -193.54053906, -170.2716911 ,
        -205.62878014,           nan, -176.24166782, -159.24872977,
        -166.20287257],
       [-193.36372871, -169.12452151, -193.65537739, -170.53308675,
        -205.90583522,           nan, -176.5240981 , -159.52254554,
        -166.47053775],
       [-125.92344599, -150.46176159, -138.42241303, -113.76693197,
        -150.66647078,           nan, -121.05203336, -115.66576132,
        -120.72137766],
       [-193.07603609, -168.84761616, -193.43253177, -170.28188634,
        -205.62761629,           nan, -176.24093254, -159.25292678,
        -166.19569448],
       [-193.15335712, -168.94071407, -193.60299906, -170.35807687,
        -205.72058952,           nan, -176.33668587, -159.33565849,
        -166.29441705],
       [-193.1475537 , -168.91011414, -193.36203553, -170.340646  ,
        -205.72424136,           nan, -176.31374194, -159.3237188 ,
        -166.29182715],
       [-193.33150707, -169.13078012, -193.72470067, -170.51673652,
        -205.91311848,           nan, -176.50432623, -159.50197162,
        -166.47214767],
       [-193.48313751, -169.19951223, -193.20953731, -170.62752139,
        -205.99328865,           nan, -176.58501036, -159.59571318,
        -166.5454416 ],
       [-193.06509207, -168.84399124, -193.50896669, -170.26762549,
        -205.61393561,           nan, -176.23085912, -159.24443024,
        -166.19040393],
       [-193.13858402, -168.92302785, -193.5134016 , -170.35256945,
        -205.68412486,           nan, -176.30913021, -159.29615709,
        -166.26182687],
       [-193.32478347, -168.96733983, -191.99409556, -170.60429801,
        -205.86159992,           nan, -176.40670781, -159.45209183,
        -166.43527301],
       [-145.08519883, -134.85668952, -145.05187034, -127.64405579,
        -156.28876239,           nan, -133.9106753 , -148.49407766,
        -130.50215959],
       [-193.10130272, -168.88038781, -192.9938958 , -170.29558152,
        -205.66370261,           nan, -176.24767257, -159.28075722,
        -166.20949884],
       [-193.06486182, -168.83909238, -193.53528669, -170.26599107,
        -205.6140049 ,           nan, -176.22961183, -159.24071517,
        -166.18852488],
       [-191.36578186, -164.7539804 , -190.95393236, -167.21593432,
        -203.71252926,           nan, -174.04185958, -159.08456602,
        -164.24170589],
       [-193.10780755, -168.91269559, -192.93093735, -170.33801519,
        -205.7043947 ,           nan, -176.32434554, -159.30770539,
        -166.2876469 ],
       [ -30.07801145,  -24.97754949,  -19.77145594,  -16.6040242 ,
         -24.83325581,           nan,   -1.945051  ,  -18.24264907,
         -17.82787133],
       [-183.26465624, -157.77250454, -181.26265971, -156.92428841,
        -197.14440218,           nan, -163.80721418, -150.59294821,
        -158.73369224],
       [-149.77692048, -137.0599513 , -157.77558764, -126.98315628,
        -155.56447637,           nan, -138.74696318, -132.45369582,
        -133.61907022],
       [-193.20682472, -168.96296405, -193.69587803, -170.41186356,
        -205.76104748,           nan, -176.38243056, -159.38854025,
        -166.35236843],
       [-193.13280109, -168.93745979, -193.63593063, -170.33509504,
        -205.70053933,           nan, -176.31862212, -159.31269596,
        -166.28450389],
       [-158.23629334, -142.7456329 , -158.13768343, -134.68731592,
        -163.29368262,           nan, -151.53603074, -136.4604859 ,
        -134.48601982],
       [-193.08685603, -168.86319474, -193.54907441, -170.2873137 ,
        -205.64758891,           nan, -176.25479337, -159.26103912,
        -166.21891583],
       [ -66.02293685,  -58.72799561,  -66.49745483,  -59.83732945,
         -78.65792166,           nan,  -70.82738536,  -56.89839139,
         -60.40798284],
       [ -11.41678567,   -9.05832313,   -1.70248411,   -2.71920221,
         -10.27621131,           nan,  -13.60279134,   -9.43825189,
          -5.28835867],
       [-193.09813779, -168.8785462 , -193.52996081, -170.2997316 ,
        -205.65786204,           nan, -176.27600487, -159.27523285,
        -166.23439148],
       [ -17.08250087,   -7.514846  ,  -23.56440396,  -11.04073478,
         -20.85754909,           nan,   -8.96949977,   -6.38535551,
         -12.06397076],
       [-193.31432582, -169.12011463, -193.66578301, -170.5343531 ,
        -205.8997924 ,           nan, -176.47755333, -159.49856025,
        -166.4724004 ],
       [-193.2458185 , -168.99823149, -193.31423522, -170.43632591,
        -205.8024186 ,           nan, -176.40736939, -159.41744112,
        -166.38237717],
       [-193.35553308, -169.1521135 , -193.4605186 , -170.57140083,
        -205.88519861,           nan, -176.53822985, -159.52423499,
        -166.47652245],
       [-193.20388125, -169.00247151, -193.61540494, -170.40716671,
        -205.74064051,           nan, -176.39231451, -159.38118094,
        -166.33951101],
       [-193.20442986, -168.98760492, -193.60956315, -170.41465564,
        -205.76383298,           nan, -176.3916618 , -159.4085015 ,
        -166.36629747],
       [-193.07300932, -168.85238166, -193.54485958, -170.27261619,
        -205.63090489,           nan, -176.23986046, -159.25027601,
        -166.19486181],
       [-193.0737939 , -168.84748129, -193.5442467 , -170.2699392 ,
        -205.62576053,           nan, -176.24105337, -159.24110994,
        -166.19781101],
       [-102.08769254,  -85.87917952, -107.81648363,  -93.37860406,
        -115.22344486,           nan,  -95.43223215,  -94.31360443,
         -91.6694938 ],
       [-193.24578551, -169.07160203, -193.42944613, -170.48406447,
        -205.84278502,           nan, -176.43594242, -159.45180519,
        -166.42555359],
       [-193.317112  , -169.12455679, -193.70498681, -170.51611458,
        -205.91325885,           nan, -176.48771463, -159.48581528,
        -166.4634618 ],
       [-193.31161211, -169.09002285, -192.68794655, -170.21567906,
        -205.78161423,           nan, -176.47730843, -159.63792292,
        -166.4523674 ],
       [-193.06604819, -168.84508673, -193.42784802, -170.27929974,
        -205.62322074,           nan, -176.23600764, -159.24855061,
        -166.1965705 ],
       [-193.17793142, -168.95756964, -193.4331482 , -170.36517076,
        -205.74331202,           nan, -176.34321621, -159.35888312,
        -166.30139957],
       [ -41.54791773,  -23.61682709,  -40.30179504,  -36.12076713,
          -0.90881796,           nan,  -38.45656643,  -24.29856305,
         -26.68643612],
       [-193.19402912, -168.96986497, -192.77952755, -170.37394493,
        -205.75762509,           nan, -176.36086345, -159.35951699,
        -166.31640862],
       [-193.29520695, -169.06536842, -193.52107649, -170.48314841,
        -205.83519969,           nan, -176.43421611, -159.46148411,
        -166.4265606 ],
       [ -16.76396671,  -10.97977619,   -2.02081428,  -10.46112324,
         -19.19257832,           nan,  -15.74144417,  -13.3435025 ,
          -9.51433211],
       [-193.04937688, -168.89120762, -192.94793476, -170.318388  ,
        -205.6704236 ,           nan, -176.30026818, -159.27859626,
        -166.24463787],
       [-193.1345476 , -168.87998898, -193.45568419, -170.32789703,
        -205.65885382,           nan, -176.30216223, -159.28374002,
        -166.23938365],
       [-191.78490509, -168.90924804, -192.67735935, -168.84501556,
        -205.49614046,           nan, -175.86656424, -158.66272639,
        -166.177304  ],
       [-193.16288072, -168.94235552, -193.5819216 , -170.36061141,
        -205.71503199,           nan, -176.32382747, -159.33634762,
        -166.29220933],
       [-193.11511985, -168.9123987 , -193.52186927, -170.30913226,
        -205.68313152,           nan, -176.2744591 , -159.29761102,
        -166.25396006],
       [-193.11678863, -168.93572894, -193.54906626, -170.33552184,
        -205.6859999 ,           nan, -176.29906008, -159.29792436,
        -166.25445377],
       [-193.096688  , -168.87756171, -193.54088601, -170.29657097,
        -205.65617791,           nan, -176.2698668 , -159.27145711,
        -166.23026517],
       [-193.07586195, -168.84941575, -193.55698466, -170.27648043,
        -205.6273046 ,           nan, -176.23974908, -159.24952239,
        -166.20781777],
       [-193.10639817, -168.8909661 , -192.73753677, -170.31466375,
        -205.57672578,           nan, -176.25064302, -159.26271404,
        -166.19952337],
       [ -34.5228348 ,  -30.80533039,  -15.4410587 ,  -30.85262295,
         -43.82515241,           nan,  -38.03489838,  -28.14786388,
         -30.60777851],
       [-193.21010063, -168.9958708 , -193.12457448, -170.42649386,
        -205.75808651,           nan, -176.39920825, -159.39461288,
        -166.34726532],
       [-193.07043017, -168.84955863, -193.53561503, -170.27202528,
        -205.62783115,           nan, -176.23924428, -159.24724923,
        -166.19791283],
       [-193.16109149, -168.94116254, -193.58691082, -170.35962777,
        -205.71409107,           nan, -176.33125577, -159.33773899,
        -166.28933037],
       [-193.16533489, -168.91277703, -193.11663389, -170.29373393,
        -205.71514229,           nan, -176.31313477, -159.32179029,
        -166.29287655],
       [-193.08803197, -168.42430581, -191.12779128, -169.03284003,
        -205.40067039,           nan, -176.41082844, -159.40761159,
        -166.52394567],
       [-193.06386936, -168.84631624, -193.50264975, -170.27240157,
        -205.62244853,           nan, -176.23744937, -159.24648939,
        -166.19782792],
       [ -28.78179695,  -21.57329193,   -9.23650978,  -21.10442578,
         -30.09299189,           nan,  -26.86896129,  -19.86125338,
         -24.57470824],
       [-193.20338908, -169.0066328 , -193.66836128, -170.40139315,
        -205.77244953,           nan, -176.38108472, -159.38207132,
        -166.34380422],
       [-193.11549042, -168.87381853, -193.11020324, -170.3124411 ,
        -205.66153601,           nan, -176.2687925 , -159.2706857 ,
        -166.23089471],
       [-185.68226944, -165.54572212, -188.42891981, -167.29785016,
        -201.4917715 ,           nan, -175.88302503, -157.77804694,
        -162.14396229],
       [-193.36793919, -169.10746459, -193.65679   , -170.56270859,
        -205.94858957,           nan, -176.5561667 , -159.55824088,
        -166.48812619],
       [-193.10089261, -168.87792516, -193.09621561, -170.31199428,
        -205.666337  ,           nan, -176.27120082, -159.27339601,
        -166.23382318],
       [-193.27585245, -169.05209753, -193.57300653, -170.44097003,
        -205.77808253,           nan, -176.42966746, -159.42135478,
        -166.3862964 ],
       [-193.14316543, -168.97324184, -192.66910636, -170.29011102,
        -205.70654333,           nan, -176.34091246, -159.27826924,
        -166.20328844],
       [ -16.85193334,  -21.87268094,   -2.30433169,  -14.35948051,
         -19.03200916,           nan,  -11.48771437,  -14.42813986,
         -16.28978   ],
       [-193.23570291, -169.01264724, -193.65818555, -170.45306417,
        -205.78991752,           nan, -176.40138895, -159.44026529,
        -166.36154182],
       [-193.20034808, -168.98857915, -193.53885247, -170.41472242,
        -205.76800064,           nan, -176.40411801, -159.38335855,
        -166.35540817],
       [-193.07873672, -168.84742999, -193.35977083, -170.28292562,
        -205.63043167,           nan, -176.23966568, -159.25238267,
        -166.20293314],
       [-193.06858667, -168.83912064, -193.52726896, -170.2709734 ,
        -205.61408398,           nan, -176.22873437, -159.23596192,
        -166.18937978],
       [-193.13680668, -168.9047204 , -193.4903193 , -170.32282526,
        -205.69144496,           nan, -176.2905531 , -159.30318448,
        -166.26165196],
       [-193.06704168, -168.85420101, -193.52451504, -170.26645154,
        -205.62590184,           nan, -176.23774073, -159.25133626,
        -166.19747108],
       [-193.08365357, -168.85668637, -193.54873696, -170.27786709,
        -205.63564842,           nan, -176.25207243, -159.25259709,
        -166.20801006],
       [-193.09526766, -168.89826803, -193.05673318, -170.32002485,
        -205.63137253,           nan, -176.24946414, -159.29475693,
        -166.25382657],
       [-193.27519525, -169.04839901, -193.55202737, -170.49891582,
        -205.87076822,           nan, -176.4780172 , -159.46042367,
        -166.41918831],
       [-193.26050358, -169.06124003, -193.74779516, -170.49543052,
        -205.81138702,           nan, -176.43488522, -159.45402891,
        -166.37272997],
       [-151.68116876, -145.04034905, -152.9937641 , -134.36477257,
        -201.41179096,           nan, -140.31898897, -135.32602065,
        -138.85542771],
       [-193.21100714, -168.97474051, -192.80547168, -170.40494516,
        -205.76504945,           nan, -176.36585778, -159.36363234,
        -166.32678092]])dB2:array([[-193.2055402 , -168.97710205, -192.38749528, -170.44865243,
        -205.69634519,           nan, -176.34223749, -159.3055701 ,
        -166.26666444]])W1:array([[ nan,  nan,  nan,  nan,  nan,  nan,  nan,  nan,  nan,  nan,  nan,
         nan,  nan,  nan,  nan,  nan,  nan,  nan,  nan,  nan,  nan,  nan,
         nan,  nan,  nan,  nan,  nan,  nan,  nan,  nan,  nan,  nan,  nan,
         nan,  nan,  nan,  nan,  nan,  nan,  nan,  nan,  nan,  nan,  nan,
         nan,  nan,  nan,  nan,  nan,  nan,  nan,  nan,  nan,  nan,  nan,
         nan,  nan,  nan,  nan,  nan,  nan,  nan,  nan,  nan,  nan,  nan,
         nan,  nan,  nan,  nan,  nan,  nan,  nan,  nan,  nan,  nan,  nan,
         nan,  nan,  nan,  nan,  nan,  nan,  nan,  nan,  nan,  nan,  nan,
         nan,  nan,  nan,  nan,  nan,  nan,  nan,  nan,  nan,  nan,  nan,
         nan],
       [ nan,  nan,  nan,  nan,  nan,  nan,  nan,  nan,  nan,  nan,  nan,
         nan,  nan,  nan,  nan,  nan,  nan,  nan,  nan,  nan,  nan,  nan,
         nan,  nan,  nan,  nan,  nan,  nan,  nan,  nan,  nan,  nan,  nan,
         nan,  nan,  nan,  nan,  nan,  nan,  nan,  nan,  nan,  nan,  nan,
         nan,  nan,  nan,  nan,  nan,  nan,  nan,  nan,  nan,  nan,  nan,
         nan,  nan,  nan,  nan,  nan,  nan,  nan,  nan,  nan,  nan,  nan,
         nan,  nan,  nan,  nan,  nan,  nan,  nan,  nan,  nan,  nan,  nan,
         nan,  nan,  nan,  nan,  nan,  nan,  nan,  nan,  nan,  nan,  nan,
         nan,  nan,  nan,  nan,  nan,  nan,  nan,  nan,  nan,  nan,  nan,
         nan],
       [ nan,  nan,  nan,  nan,  nan,  nan,  nan,  nan,  nan,  nan,  nan,
         nan,  nan,  nan,  nan,  nan,  nan,  nan,  nan,  nan,  nan,  nan,
         nan,  nan,  nan,  nan,  nan,  nan,  nan,  nan,  nan,  nan,  nan,
         nan,  nan,  nan,  nan,  nan,  nan,  nan,  nan,  nan,  nan,  nan,
         nan,  nan,  nan,  nan,  nan,  nan,  nan,  nan,  nan,  nan,  nan,
         nan,  nan,  nan,  nan,  nan,  nan,  nan,  nan,  nan,  nan,  nan,
         nan,  nan,  nan,  nan,  nan,  nan,  nan,  nan,  nan,  nan,  nan,
         nan,  nan,  nan,  nan,  nan,  nan,  nan,  nan,  nan,  nan,  nan,
         nan,  nan,  nan,  nan,  nan,  nan,  nan,  nan,  nan,  nan,  nan,
         nan],
       [ nan,  nan,  nan,  nan,  nan,  nan,  nan,  nan,  nan,  nan,  nan,
         nan,  nan,  nan,  nan,  nan,  nan,  nan,  nan,  nan,  nan,  nan,
         nan,  nan,  nan,  nan,  nan,  nan,  nan,  nan,  nan,  nan,  nan,
         nan,  nan,  nan,  nan,  nan,  nan,  nan,  nan,  nan,  nan,  nan,
         nan,  nan,  nan,  nan,  nan,  nan,  nan,  nan,  nan,  nan,  nan,
         nan,  nan,  nan,  nan,  nan,  nan,  nan,  nan,  nan,  nan,  nan,
         nan,  nan,  nan,  nan,  nan,  nan,  nan,  nan,  nan,  nan,  nan,
         nan,  nan,  nan,  nan,  nan,  nan,  nan,  nan,  nan,  nan,  nan,
         nan,  nan,  nan,  nan,  nan,  nan,  nan,  nan,  nan,  nan,  nan,
         nan],
       [ nan,  nan,  nan,  nan,  nan,  nan,  nan,  nan,  nan,  nan,  nan,
         nan,  nan,  nan,  nan,  nan,  nan,  nan,  nan,  nan,  nan,  nan,
         nan,  nan,  nan,  nan,  nan,  nan,  nan,  nan,  nan,  nan,  nan,
         nan,  nan,  nan,  nan,  nan,  nan,  nan,  nan,  nan,  nan,  nan,
         nan,  nan,  nan,  nan,  nan,  nan,  nan,  nan,  nan,  nan,  nan,
         nan,  nan,  nan,  nan,  nan,  nan,  nan,  nan,  nan,  nan,  nan,
         nan,  nan,  nan,  nan,  nan,  nan,  nan,  nan,  nan,  nan,  nan,
         nan,  nan,  nan,  nan,  nan,  nan,  nan,  nan,  nan,  nan,  nan,
         nan,  nan,  nan,  nan,  nan,  nan,  nan,  nan,  nan,  nan,  nan,
         nan],
       [ nan,  nan,  nan,  nan,  nan,  nan,  nan,  nan,  nan,  nan,  nan,
         nan,  nan,  nan,  nan,  nan,  nan,  nan,  nan,  nan,  nan,  nan,
         nan,  nan,  nan,  nan,  nan,  nan,  nan,  nan,  nan,  nan,  nan,
         nan,  nan,  nan,  nan,  nan,  nan,  nan,  nan,  nan,  nan,  nan,
         nan,  nan,  nan,  nan,  nan,  nan,  nan,  nan,  nan,  nan,  nan,
         nan,  nan,  nan,  nan,  nan,  nan,  nan,  nan,  nan,  nan,  nan,
         nan,  nan,  nan,  nan,  nan,  nan,  nan,  nan,  nan,  nan,  nan,
         nan,  nan,  nan,  nan,  nan,  nan,  nan,  nan,  nan,  nan,  nan,
         nan,  nan,  nan,  nan,  nan,  nan,  nan,  nan,  nan,  nan,  nan,
         nan],
       [ nan,  nan,  nan,  nan,  nan,  nan,  nan,  nan,  nan,  nan,  nan,
         nan,  nan,  nan,  nan,  nan,  nan,  nan,  nan,  nan,  nan,  nan,
         nan,  nan,  nan,  nan,  nan,  nan,  nan,  nan,  nan,  nan,  nan,
         nan,  nan,  nan,  nan,  nan,  nan,  nan,  nan,  nan,  nan,  nan,
         nan,  nan,  nan,  nan,  nan,  nan,  nan,  nan,  nan,  nan,  nan,
         nan,  nan,  nan,  nan,  nan,  nan,  nan,  nan,  nan,  nan,  nan,
         nan,  nan,  nan,  nan,  nan,  nan,  nan,  nan,  nan,  nan,  nan,
         nan,  nan,  nan,  nan,  nan,  nan,  nan,  nan,  nan,  nan,  nan,
         nan,  nan,  nan,  nan,  nan,  nan,  nan,  nan,  nan,  nan,  nan,
         nan],
       [ nan,  nan,  nan,  nan,  nan,  nan,  nan,  nan,  nan,  nan,  nan,
         nan,  nan,  nan,  nan,  nan,  nan,  nan,  nan,  nan,  nan,  nan,
         nan,  nan,  nan,  nan,  nan,  nan,  nan,  nan,  nan,  nan,  nan,
         nan,  nan,  nan,  nan,  nan,  nan,  nan,  nan,  nan,  nan,  nan,
         nan,  nan,  nan,  nan,  nan,  nan,  nan,  nan,  nan,  nan,  nan,
         nan,  nan,  nan,  nan,  nan,  nan,  nan,  nan,  nan,  nan,  nan,
         nan,  nan,  nan,  nan,  nan,  nan,  nan,  nan,  nan,  nan,  nan,
         nan,  nan,  nan,  nan,  nan,  nan,  nan,  nan,  nan,  nan,  nan,
         nan,  nan,  nan,  nan,  nan,  nan,  nan,  nan,  nan,  nan,  nan,
         nan],
       [ nan,  nan,  nan,  nan,  nan,  nan,  nan,  nan,  nan,  nan,  nan,
         nan,  nan,  nan,  nan,  nan,  nan,  nan,  nan,  nan,  nan,  nan,
         nan,  nan,  nan,  nan,  nan,  nan,  nan,  nan,  nan,  nan,  nan,
         nan,  nan,  nan,  nan,  nan,  nan,  nan,  nan,  nan,  nan,  nan,
         nan,  nan,  nan,  nan,  nan,  nan,  nan,  nan,  nan,  nan,  nan,
         nan,  nan,  nan,  nan,  nan,  nan,  nan,  nan,  nan,  nan,  nan,
         nan,  nan,  nan,  nan,  nan,  nan,  nan,  nan,  nan,  nan,  nan,
         nan,  nan,  nan,  nan,  nan,  nan,  nan,  nan,  nan,  nan,  nan,
         nan,  nan,  nan,  nan,  nan,  nan,  nan,  nan,  nan,  nan,  nan,
         nan]])B1:array([[ nan,  nan,  nan,  nan,  nan,  nan,  nan,  nan,  nan,  nan,  nan,
         nan,  nan,  nan,  nan,  nan,  nan,  nan,  nan,  nan,  nan,  nan,
         nan,  nan,  nan,  nan,  nan,  nan,  nan,  nan,  nan,  nan,  nan,
         nan,  nan,  nan,  nan,  nan,  nan,  nan,  nan,  nan,  nan,  nan,
         nan,  nan,  nan,  nan,  nan,  nan,  nan,  nan,  nan,  nan,  nan,
         nan,  nan,  nan,  nan,  nan,  nan,  nan,  nan,  nan,  nan,  nan,
         nan,  nan,  nan,  nan,  nan,  nan,  nan,  nan,  nan,  nan,  nan,
         nan,  nan,  nan,  nan,  nan,  nan,  nan,  nan,  nan,  nan,  nan,
         nan,  nan,  nan,  nan,  nan,  nan,  nan,  nan,  nan,  nan,  nan,
         nan]])Z1:array([[ 23.90449   ,   4.41332292,  34.41815441, ...,  27.05347262,
         26.95991559,  18.18841246],
       [ 33.90404573,  12.29760217,  50.46712741, ...,  37.69813273,
         22.32381479,  16.33631402],
       [ 35.34818567,  21.51056642,  53.05841783, ...,  42.092418  ,
         23.82254107,  18.07832137],
       ..., 
       [ 14.27918773, -38.19818662,  17.31504593, ...,  18.17535868,
         10.59382483,  13.64800641],
       [ 14.09393204, -46.524442  ,  15.65239308, ...,  17.37158725,
         10.40641884,  15.25155453],
       [ 11.19852068, -42.46189128,  10.13451978, ...,  12.40508589,
         32.93213408,  20.36087264]])A1:array([[  1.00000000e+00,   9.88030158e-01,   1.00000000e+00, ...,
          1.00000000e+00,   1.00000000e+00,   9.99999987e-01],
       [  1.00000000e+00,   9.99995437e-01,   1.00000000e+00, ...,
          1.00000000e+00,   1.00000000e+00,   9.99999920e-01],
       [  1.00000000e+00,   1.00000000e+00,   1.00000000e+00, ...,
          1.00000000e+00,   1.00000000e+00,   9.99999986e-01],
       ..., 
       [  9.99999371e-01,   2.57476935e-17,   9.99999970e-01, ...,
          9.99999987e-01,   9.99974930e-01,   9.99998818e-01],
       [  9.99999243e-01,   6.23292021e-21,   9.99999841e-01, ...,
          9.99999971e-01,   9.99969763e-01,   9.99999762e-01],
       [  9.99986306e-01,   3.62272130e-19,   9.99960316e-01, ...,
          9.99995902e-01,   1.00000000e+00,   9.99999999e-01]])Z2:W2:array([[  1.55673089e+01,   1.40764696e+01,  -1.14290062e+02,
          1.92210120e+01,   8.17603660e+00,              nan,
          1.14234041e+01,   6.93477482e+00,   7.74521297e+00],
       [ -3.05507882e+01,  -2.91281307e+01,  -6.30944337e+01,
         -3.67347445e+01,  -3.31343637e+01,              nan,
         -3.32330871e+01,  -3.24951051e+01,  -3.43201443e+01],
       [  1.31796372e+01,   1.22903910e+01,  -1.13323329e+02,
          1.88247554e+01,   8.17351196e+00,              nan,
          1.02820617e+01,   6.12236563e+00,   7.14989128e+00],
       [ -5.51603514e+00,  -8.03967607e+00,  -3.69309129e+01,
         -1.30880436e+00,  -1.09708461e+01,              nan,
         -6.87121650e+00,  -7.47024686e+00,  -9.58292352e+00],
       [  1.31051570e+01,   1.21721136e+01,  -1.11673334e+02,
          1.61701874e+01,   6.06709102e+00,              nan,
          9.31932789e+00,   5.35288505e+00,   5.62123956e+00],
       [  1.57632397e+01,   1.54010379e+01,  -1.12089280e+02,
          1.97671794e+01,   1.01082923e+01,              nan,
          1.29322155e+01,   8.33767205e+00,   9.44449991e+00],
       [ -2.18096563e+01,  -1.91097124e+01,  -6.28623363e+01,
         -1.81112895e+01,  -2.54750513e+01,              nan,
         -2.61117143e+01,  -2.68741415e+01,  -2.66884217e+01],
       [ -8.46514742e+00,  -4.87740094e+00,  -2.34238841e+01,
         -3.04568699e+00,  -8.82252020e+00,              nan,
         -6.64670763e+00,  -3.39493700e+00,  -9.82487894e+00],
       [  1.56268644e+01,   1.49801892e+01,  -1.09395603e+02,
          2.01725632e+01,   1.01017223e+01,              nan,
          1.30266245e+01,   8.07131406e+00,   9.30686509e+00],
       [ -2.15419649e+01,  -2.47510487e+01,  -6.61370892e+01,
         -1.78765025e+01,  -2.70344380e+01,              nan,
         -2.60263593e+01,  -2.62866656e+01,  -3.59929990e+01],
       [  1.20855150e+01,   1.28970546e+01,  -8.38416170e+01,
          1.62785524e+01,   6.69289876e+00,              nan,
          1.01506463e+01,   6.13504659e+00,   5.95146696e+00],
       [  1.61298527e+01,   1.56600953e+01,  -1.11517370e+02,
          1.98506492e+01,   1.03577620e+01,              nan,
          1.32569836e+01,   8.42851972e+00,   9.51397664e+00],
       [ -2.86363456e+00,  -6.11683726e-01,  -3.10403860e+01,
          3.86824759e+00,  -6.04099226e+00,              nan,
         -2.94784599e+00,  -6.43641265e+00,  -6.77871713e+00],
       [  1.54424909e+01,   1.50174902e+01,  -1.06040533e+02,
          1.90769679e+01,   1.00277522e+01,              nan,
          1.27851422e+01,   7.77912487e+00,   9.02354410e+00],
       [ -1.70511896e+01,  -1.99289846e+01,  -4.66771052e+01,
         -1.33559215e+01,  -1.93820086e+01,              nan,
         -1.90905591e+01,  -2.23635712e+01,  -2.13435335e+01],
       [  7.12018131e+00,   8.75313406e+00,  -4.68747586e+01,
          1.15823186e+01,   1.62288159e+00,              nan,
          5.83312013e+00,   1.94845982e+00,   1.64254741e+00],
       [  4.28842019e+00,   1.28427398e+00,  -8.39187437e+01,
          8.67284176e+00,  -6.35892361e+00,              nan,
         -3.72209182e+00,  -3.29452043e+00,  -4.67637019e+00],
       [ -1.17255890e+01,  -9.85975597e+00,  -2.57307844e+01,
         -7.04890078e+00,  -1.20767990e+01,              nan,
         -1.45578143e+01,  -1.17569291e+01,  -1.60663624e+01],
       [  1.37642935e+01,   1.37271739e+01,  -9.20879229e+01,
          1.75944330e+01,   8.34297392e+00,              nan,
          1.15832014e+01,   6.62992954e+00,   6.90377370e+00],
       [  1.53306407e+01,   1.39695037e+01,  -1.13368990e+02,
          1.93987696e+01,   8.81273326e+00,              nan,
          1.18193035e+01,   7.27639281e+00,   8.04117107e+00],
       [ -1.39502474e+01,  -1.30526725e+01,  -1.24851828e+02,
         -6.74974002e+00,  -1.89098289e+01,              nan,
         -1.64238922e+01,  -2.01115408e+01,  -1.87253765e+01],
       [ -2.26486982e+01,  -3.71577097e+01,  -4.69029468e+01,
         -2.16952639e+01,  -2.56581673e+01,              nan,
         -2.50134008e+01,  -2.97558794e+01,  -2.70580652e+01],
       [  1.41888547e+01,   1.46241880e+01,  -1.02569740e+02,
          1.82317824e+01,   8.85630025e+00,              nan,
          1.18892303e+01,   6.73714860e+00,   8.57880483e+00],
       [  6.70231721e+00,   5.30227533e+00,  -1.19614732e+02,
          1.05842064e+01,  -4.70792141e-01,              nan,
          2.26608622e+00,  -1.49788086e+00,  -1.15127239e+00],
       [  7.26201212e+00,   8.34346847e+00,  -9.55320801e+01,
          1.24452740e+01,  -7.65247627e-01,              nan,
          4.55185907e+00,  -3.29618263e-01,  -9.36537116e-01],
       [ -1.06981495e+01,  -1.36780301e+01,  -1.31783356e+02,
         -5.11849301e+00,  -1.96335287e+01,              nan,
         -1.44444336e+01,  -1.80509851e+01,  -1.88889035e+01],
       [ -2.58249350e+01,  -2.05610507e+01,  -8.03833869e+01,
         -1.61817599e+01,  -2.76494829e+01,              nan,
         -2.25130351e+01,  -2.74263040e+01,  -2.62241153e+01],
       [  1.55220709e+01,   1.49974271e+01,  -1.10212073e+02,
          1.97396059e+01,   1.02734244e+01,              nan,
          1.28998199e+01,   7.66282408e+00,   9.21007670e+00],
       [  8.61625490e+00,   7.09520486e+00,  -1.10655902e+02,
          1.13082051e+01,   3.27648911e+00,              nan,
          5.07096258e+00,   2.53050954e+00,   2.14245610e+00],
       [ -1.08156535e+01,  -1.32349869e+01,  -5.18861113e+01,
         -1.38681789e+01,  -1.85105171e+01,              nan,
         -1.44463611e+01,  -1.89783530e+01,  -1.76911698e+01],
       [ -1.24299810e+01,  -1.22354484e+01,  -4.14582814e+01,
         -6.91067428e+00,  -1.56567548e+01,              nan,
         -1.39804461e+01,  -2.36535075e+01,  -1.61959034e+01],
       [  8.52583953e+00,   9.37391487e+00,  -5.95531544e+01,
          1.26182421e+01,   2.53071128e+00,              nan,
          6.78020682e+00,   2.60339440e+00,   2.97501311e+00],
       [  1.59735165e+01,   1.54861210e+01,  -1.12843836e+02,
          1.99543289e+01,   1.02837244e+01,              nan,
          1.30244959e+01,   8.06768220e+00,   9.46420921e+00],
       [  7.07543063e-01,   1.24201331e+00,  -3.38052261e+01,
          3.46633941e+00,  -6.27727019e+00,              nan,
         -7.59953363e-01,  -5.04347083e+00,  -4.95167156e+00],
       [  9.54100354e+00,   7.38038845e+00,  -5.24790129e+01,
          1.24444246e+01,   7.21322825e-01,              nan,
          3.40612734e+00,   1.04368236e+00,  -8.76672351e-01],
       [ -1.31671859e+01,  -1.35665879e+01,  -2.75302135e+01,
         -1.21812168e+01,  -1.39329191e+01,              nan,
         -2.24057600e+01,  -1.14997341e+01,  -1.22549739e+01],
       [  4.97454568e+00,   5.11305999e+00,  -3.43354866e+01,
          9.60569428e+00,  -5.00361715e+00,              nan,
          2.49830739e+00,   6.09414418e-01,  -3.30742664e+00],
       [ -3.14733860e+00,  -2.06626975e+00,  -2.72146754e+01,
          1.36424866e+00,  -7.55886372e+00,              nan,
         -7.32046986e+00,  -7.40681406e+00,  -7.44902594e+00],
       [  6.09317639e-01,   3.08239728e+00,  -1.28901527e+02,
          5.27482950e+00,  -4.50951029e+00,              nan,
         -2.26215780e+00,  -6.81423913e+00,  -7.19828011e+00],
       [  9.17969262e+00,   5.64613934e+00,  -1.22907206e+02,
          1.30441644e+01,   1.63176059e+00,              nan,
          4.11839159e+00,   8.67898491e-01,  -1.26252273e-01],
       [ -2.10419899e+01,  -2.09392901e+01,  -6.70675554e+01,
         -1.66546910e+01,  -2.53589084e+01,              nan,
         -2.33865697e+01,  -2.48622633e+01,  -2.61489089e+01],
       [  1.37922750e+01,   1.30778455e+01,  -1.14222455e+02,
          1.78308408e+01,   6.92996954e+00,              nan,
          1.05029241e+01,   6.04343722e+00,   6.43664270e+00],
       [ -6.49874542e+00,  -4.62482389e+00,  -2.86631662e+01,
         -1.45880422e+00,  -1.04656095e+01,              nan,
         -9.65565765e+00,  -6.83537642e+00,  -1.28543749e+01],
       [ -7.99290718e-01,  -3.51499773e+00,  -8.70468839e+00,
         -7.64140196e+00,  -4.98041189e+00,              nan,
         -2.76207360e+00,  -1.42627780e+00,  -5.59840583e+00],
       [  1.26065990e+01,   1.15402149e+01,  -1.12312175e+02,
          1.65630782e+01,   5.90073789e+00,              nan,
          8.38170395e+00,   4.61108590e+00,   4.86649198e+00],
       [ -1.12508628e+01,  -1.23584627e+01,  -1.70777647e+01,
         -1.15692101e+01,  -8.38225388e+00,              nan,
         -1.24285899e+01,  -1.06147234e+01,  -1.20555464e+01],
       [ -8.99688558e+00,  -1.26119244e+01,  -1.25892230e+02,
         -6.87657431e+00,  -1.82998770e+01,              nan,
         -1.17682073e+01,  -1.77124863e+01,  -1.89232861e+01],
       [ -2.12936320e+00,  -4.43715937e-01,  -9.10835945e+01,
          2.88197985e+00,  -9.06762736e+00,              nan,
         -4.81944097e+00,  -9.62806664e+00,  -9.91726310e+00],
       [ -1.32675735e+01,  -1.58573618e+01,  -1.05374122e+02,
         -1.06448151e+01,  -1.70819917e+01,              nan,
         -1.80069730e+01,  -2.04999081e+01,  -1.94304456e+01],
       [  1.51211900e+00,  -8.70347615e-01,  -1.20855897e+02,
          5.57328214e+00,  -2.52520807e+00,              nan,
         -3.28279444e+00,  -6.08671968e+00,  -5.78747889e+00],
       [  2.02063030e+00,   6.32488466e-01,  -1.20270815e+02,
          5.08903688e+00,  -4.70245025e+00,              nan,
         -3.18496554e+00,  -8.71103253e+00,  -8.32004552e+00],
       [  1.49957898e+01,   1.41588553e+01,  -1.13801109e+02,
          1.91282234e+01,   8.55897901e+00,              nan,
          1.19246753e+01,   7.08220477e+00,   8.82506014e+00],
       [  1.50158365e+01,   1.46481058e+01,  -1.13739777e+02,
          1.94847622e+01,   9.09667385e+00,              nan,
          1.18511051e+01,   8.00639696e+00,   8.53693390e+00],
       [ -3.25771360e+01,  -2.18087010e+01,  -4.85634188e+01,
         -1.62142918e+01,  -2.35696024e+01,              nan,
         -2.42635754e+01,  -2.30636662e+01,  -2.55781389e+01],
       [ -3.50553325e+00,  -7.80552733e+00,  -1.02289241e+02,
         -1.95286609e+00,  -1.26873413e+01,              nan,
         -7.68948405e+00,  -1.31839850e+01,  -1.44478616e+01],
       [ -9.26615193e+00,  -1.30550814e+01,  -1.29812114e+02,
         -5.04240169e+00,  -1.96344512e+01,              nan,
         -1.27834609e+01,  -1.64328916e+01,  -1.80199681e+01],
       [ -1.13763044e+01,  -1.00576733e+01,  -3.97044070e+01,
         -6.55143444e+00,  -1.82877124e+01,              nan,
         -1.38999279e+01,  -3.16443577e+01,  -1.80825707e+01],
       [  1.51957823e+01,   1.48790826e+01,  -1.02101432e+02,
          1.84991330e+01,   9.30266247e+00,              nan,
          1.23811784e+01,   7.16952966e+00,   8.47491512e+00],
       [  4.10968539e+00,   3.60460905e+00,  -1.02644133e+02,
          9.97637498e+00,  -2.74416248e+00,              nan,
          1.64770069e+00,  -3.85697911e+00,  -1.96898634e+00],
       [ -9.98053318e+00,  -1.12541114e+01,  -2.52069256e+01,
         -6.48853324e+00,  -2.48599461e+01,              nan,
         -1.00878447e+01,  -1.04409085e+01,  -1.09988089e+01],
       [  9.16539213e-01,   4.39793740e-01,  -3.73671813e+01,
          5.81710634e+00,  -5.52667758e+00,              nan,
         -1.34426472e+00,  -4.45643749e+00,  -4.60637519e+00],
       [ -7.28287858e+00,  -7.15963406e+00,  -1.11478340e+02,
         -1.93402297e+00,  -1.18469655e+01,              nan,
         -8.48146359e+00,  -1.41131436e+01,  -1.49136992e+01],
       [ -6.34720808e+00,  -1.00445593e+01,  -2.09752995e+01,
         -9.04816519e+00,  -7.60903081e+00,              nan,
         -7.00482955e+00,  -3.94614610e+00,  -8.86698322e+00],
       [  9.63402339e+00,   8.97715909e+00,  -5.45502853e+01,
          1.30003281e+01,   1.45744845e+00,              nan,
          5.52167778e+00,   8.21685340e-01,   9.52498466e-01],
       [  8.47527199e+00,   1.13840785e+01,  -1.04885037e+02,
          1.35086661e+01,   5.71830884e+00,              nan,
          5.76205033e+00,   3.60242490e+00,   4.20061904e+00],
       [  4.88771445e+00,   4.73318405e+00,  -3.05791409e+01,
          8.39947106e+00,   1.86915683e+00,              nan,
         -4.42338547e-01,   1.67969501e+00,   1.21096223e-02],
       [  6.19001503e+00,   5.16382508e+00,  -1.17506899e+02,
          1.05057585e+01,   1.88045231e-01,              nan,
          3.60393987e+00,  -1.48512674e+00,  -8.93154664e-01],
       [  1.09703741e+01,   8.15923794e+00,  -1.11502304e+02,
          1.56541586e+01,   3.37793734e+00,              nan,
          8.54035170e+00,   2.38854154e+00,   2.93215415e+00],
       [  1.07757243e+01,   5.82422993e+00,  -1.14221916e+02,
          1.29943961e+01,   3.08192230e+00,              nan,
          6.07612379e+00,   2.34603508e+00,   2.87263881e+00],
       [  1.28159961e+01,   1.16427461e+01,  -1.13403683e+02,
          1.69108516e+01,   6.07313838e+00,              nan,
          8.99936306e+00,   5.00377556e+00,   5.30217627e+00],
       [  1.48562027e+01,   1.44563571e+01,  -1.15013397e+02,
          1.88910431e+01,   8.95162046e+00,              nan,
          1.19964536e+01,   7.18723198e+00,   7.54109869e+00],
       [  5.72961430e+00,   7.65242377e+00,  -3.57100199e+01,
          1.05405073e+01,   5.50294635e-01,              nan,
          4.47580581e+00,   1.03628626e+00,   5.53449594e-01],
       [ -2.15317132e+01,  -2.64863319e+01,  -3.71387611e+01,
         -1.84347668e+01,  -2.22186126e+01,              nan,
         -2.14122745e+01,  -2.27520071e+01,  -2.39201434e+01],
       [  1.31554350e+00,  -9.08535424e-01,  -7.20110891e+01,
          3.89408077e+00,  -5.33112641e+00,              nan,
         -3.95619010e+00,  -7.66372352e+00,  -6.48026159e+00],
       [  1.54416369e+01,   1.44428041e+01,  -1.12876633e+02,
          1.93653583e+01,   8.90762756e+00,              nan,
          1.20616337e+01,   7.42445014e+00,   8.53710612e+00],
       [  6.36132929e+00,   5.28211717e+00,  -1.18005902e+02,
          1.05992226e+01,   2.79390517e-01,              nan,
          2.85876968e+00,  -1.62853402e+00,  -6.09079389e-01],
       [  4.95177099e+00,   7.02026748e+00,  -7.19606310e+01,
          9.32160392e+00,  -3.94429869e-01,              nan,
          2.39600344e+00,  -7.70252454e-01,  -1.59005734e+00],
       [ -9.71726644e+00,  -9.34170400e+00,  -4.96881259e+01,
         -4.34168522e+00,  -1.64019360e+01,              nan,
         -1.15975667e+01,  -1.57585183e+01,  -2.43375611e+01],
       [  1.56197654e+01,   1.47635283e+01,  -1.09580473e+02,
          1.92410097e+01,   9.41427166e+00,              nan,
          1.22405051e+01,   7.44242000e+00,   8.44098765e+00],
       [ -1.44735425e+01,  -1.94932532e+01,  -2.65186701e+01,
         -1.89527057e+01,  -1.87712018e+01,              nan,
         -1.82114431e+01,  -1.80886214e+01,  -1.74357030e+01],
       [  1.64994715e+00,  -1.28529615e+00,  -1.26150548e+02,
          6.11797529e+00,  -5.70524090e+00,              nan,
         -2.16305011e+00,  -6.17904579e+00,  -6.19742252e+00],
       [  1.04157667e+01,   1.16460618e+01,  -7.06983212e+01,
          1.48978846e+01,   5.10334986e+00,              nan,
          8.74482352e+00,   4.70665075e+00,   4.76295894e+00],
       [ -2.84616576e+01,  -3.32080301e+01,  -8.41644607e+01,
         -2.62070584e+01,  -3.52307547e+01,              nan,
         -4.37367556e+01,  -3.66385951e+01,  -3.52366842e+01],
       [ -1.44754618e+01,  -1.13472333e+01,  -1.24993071e+02,
         -9.70354904e+00,  -2.31815908e+01,              nan,
         -1.96281009e+01,  -2.36798392e+01,  -2.05058654e+01],
       [  1.03984205e+01,   1.07685261e+01,  -6.99062742e+01,
          1.40639553e+01,   4.06931097e+00,              nan,
          7.97175120e+00,   3.79009392e+00,   3.70984349e+00],
       [ -5.26606482e+00,  -5.81917297e+00,  -1.16615839e+02,
          2.44840922e+00,  -6.15111588e+00,              nan,
         -6.98010350e+00,  -1.00178158e+01,  -1.03401564e+01],
       [  4.66110570e+00,   1.69465691e+00,  -2.65385854e+01,
          1.02235101e+01,  -1.20237404e-01,              nan,
          3.37353723e-01,  -1.88607799e+00,  -1.77866674e-01],
       [ -1.41711091e+01,  -1.14007229e+01,  -2.87646416e+01,
         -1.20570953e+01,  -1.33413864e+01,              nan,
         -1.90116838e+01,  -9.40046644e+00,  -1.29822168e+01],
       [ -1.66266368e+00,  -1.89168357e+00,  -1.25133186e+02,
          9.95192983e-01,  -7.46734688e+00,              nan,
         -4.20835466e+00,  -1.20089540e+01,  -7.98419884e+00],
       [  2.13739791e+00,   5.07620973e-01,  -1.13202128e+02,
          5.06117605e+00,  -5.18357299e+00,              nan,
         -4.42915977e+00,  -6.23973773e+00,  -7.27343377e+00],
       [  1.38795341e+01,   1.44396702e+01,  -9.53396414e+01,
          1.78866869e+01,   8.38405993e+00,              nan,
          1.18993625e+01,   6.55790311e+00,   7.65239592e+00],
       [  1.56259046e+01,   1.54864943e+01,  -1.12042134e+02,
          1.94705293e+01,   1.02822337e+01,              nan,
          1.31125626e+01,   8.55314919e+00,   9.39028940e+00],
       [  8.78491147e+00,   8.92598091e+00,  -1.08348071e+02,
          1.42782622e+01,   2.54551453e+00,              nan,
          6.93005068e+00,   1.82831659e+00,   2.15815596e+00],
       [  1.53158430e+01,   1.39764297e+01,  -1.11766749e+02,
          1.98573170e+01,   9.07606065e+00,              nan,
          1.22117782e+01,   6.97166498e+00,   8.50633530e+00],
       [  1.39202893e+01,   1.37289278e+01,  -1.14188830e+02,
          1.86245155e+01,   8.08776827e+00,              nan,
          1.06915758e+01,   6.86093491e+00,   7.51391188e+00],
       [  1.13949433e+01,   9.43787779e+00,  -6.50910811e+01,
          1.43274563e+01,   8.45629128e+00,              nan,
          9.34416780e+00,   2.51453340e+00,   2.90837315e+00],
       [ -6.20231888e+00,  -5.45762167e+00,  -1.14524033e+02,
         -3.46630754e+00,  -1.54318561e+01,              nan,
         -1.18378490e+01,  -1.39779447e+01,  -1.42063178e+01],
       [ -3.92864350e+00,  -6.73988913e+00,  -1.34092603e+02,
         -3.06820687e+00,  -9.51757287e+00,              nan,
         -7.60931416e+00,  -1.33302475e+01,  -8.98358690e+00],
       [ -3.15598403e+01,  -3.22564560e+01,  -5.68473725e+01,
         -2.73934722e+01,  -4.68507255e+01,              nan,
         -3.44528261e+01,  -3.48138046e+01,  -3.37583803e+01],
       [  1.15177547e+00,   1.76230818e+00,  -3.99199704e+01,
          5.58038305e+00,  -5.20812189e+00,              nan,
         -8.75901879e-01,  -4.31769034e+00,  -4.58871795e+00]])B2:array([[ -59.59915397,  -60.52570795, -167.53159161,  -55.15958474,
         -65.6095608 ,           nan,  -62.00582568,  -67.8230294 ,
         -65.82218825]])array([[  -60.88886747,   -98.26683248, -8337.17797098, ...,
         -326.22363181,  -660.61419912,  -635.95272432],
       [  -40.67703753,   -76.07178731, -8277.46591016, ...,
         -302.44945603,  -634.83036309,  -608.77783525],
       [  -44.42662279,   -79.92189771, -8289.81110043, ...,
         -307.17467404,  -639.63166933,  -614.14256054],
       ..., 
       [  -12.43093582,   -35.5912386 , -8234.8473916 , ...,
         -279.3829109 ,  -599.85392353,  -582.58044978],
       [  -12.04028118,   -41.42406207, -8273.04605959, ...,
         -291.78890962,  -605.98621173,  -595.14166019],
       [  -68.776702  ,  -108.08678534, -8385.29354193, ...,
         -358.52787827,  -659.85708725,  -657.79309533]])EXP_SCORES:array([[  3.59998629e-027,   2.10502327e-043,   1.00000000e-005, ...,
          2.10318192e-142,   1.25573690e-287,   6.44526941e-277],
       [  2.15867400e-018,   9.17154586e-034,   1.00000000e-005, ...,
          4.44498388e-132,   1.98005094e-276,   4.08456155e-265],
       [  5.07882061e-020,   1.95146533e-035,   1.00000000e-005, ...,
          3.94215851e-134,   1.62740468e-278,   1.91106235e-267],
       ..., 
       [  3.99312740e-006,   3.49077192e-016,   1.00000000e-005, ...,
          4.62959988e-122,   3.06726334e-261,   9.73924737e-254],
       [  5.90163471e-006,   1.02272394e-018,   1.00000000e-005, ...,
          1.89533800e-127,   6.66088806e-264,   3.41398045e-259],
       [  1.35100774e-030,   1.14420953e-047,   1.00000000e-005, ...,
          1.96481135e-156,   2.67736857e-287,   2.10905772e-286]])EXP_SCORES:array([[ -1.36970001e-001,  -1.36970001e-001,  -1.36970001e-001, ...,
         -4.12099942e-002,  -1.36970001e-001,  -1.36970001e-001],
       [ -1.91360607e-001,  -1.91360607e-001,   4.51404282e-287, ...,
          0.00000000e+000,  -1.91360607e-001,  -4.31969632e-002],
       [  6.61827694e-301,  -3.18227563e-001,   1.30311296e-286, ...,
          0.00000000e+000,  -3.18227563e-001,   0.00000000e+000],
       ..., 
       [ -5.18363559e-002,   3.47734629e-313,  -2.37040911e-001, ...,
          0.00000000e+000,   0.00000000e+000,  -2.37040911e-001],
       [  1.31069183e-301,   2.27136375e-314,  -6.04230823e-002, ...,
          0.00000000e+000,   0.00000000e+000,  -4.69788459e-001],
       [  2.58358170e-305,   2.17388884e-322,   1.91233672e-280, ...,
          0.00000000e+000,   0.00000000e+000,  -9.51625820e-002]])