
W1:
array([[ nan,  nan,  nan,  nan,  nan,  nan,  nan,  nan,  nan,  nan,  nan,
         nan,  nan,  nan,  nan,  nan,  nan,  nan,  nan,  nan,  nan,  nan,
         nan,  nan,  nan,  nan,  nan,  nan,  nan,  nan,  nan,  nan,  nan,
         nan,  nan,  nan,  nan,  nan,  nan,  nan,  nan,  nan,  nan,  nan,
         nan,  nan,  nan,  nan,  nan,  nan,  nan,  nan,  nan,  nan,  nan,
         nan,  nan,  nan,  nan,  nan,  nan,  nan,  nan,  nan,  nan,  nan,
         nan,  nan,  nan,  nan,  nan,  nan,  nan,  nan,  nan,  nan,  nan,
         nan,  nan,  nan,  nan,  nan,  nan,  nan,  nan,  nan,  nan,  nan,
         nan,  nan,  nan,  nan,  nan,  nan,  nan,  nan,  nan,  nan,  nan,
         nan],
       [ nan,  nan,  nan,  nan,  nan,  nan,  nan,  nan,  nan,  nan,  nan,
         nan,  nan,  nan,  nan,  nan,  nan,  nan,  nan,  nan,  nan,  nan,
         nan,  nan,  nan,  nan,  nan,  nan,  nan,  nan,  nan,  nan,  nan,
         nan,  nan,  nan,  nan,  nan,  nan,  nan,  nan,  nan,  nan,  nan,
         nan,  nan,  nan,  nan,  nan,  nan,  nan,  nan,  nan,  nan,  nan,
         nan,  nan,  nan,  nan,  nan,  nan,  nan,  nan,  nan,  nan,  nan,
         nan,  nan,  nan,  nan,  nan,  nan,  nan,  nan,  nan,  nan,  nan,
         nan,  nan,  nan,  nan,  nan,  nan,  nan,  nan,  nan,  nan,  nan,
         nan,  nan,  nan,  nan,  nan,  nan,  nan,  nan,  nan,  nan,  nan,
         nan],
       [ nan,  nan,  nan,  nan,  nan,  nan,  nan,  nan,  nan,  nan,  nan,
         nan,  nan,  nan,  nan,  nan,  nan,  nan,  nan,  nan,  nan,  nan,
         nan,  nan,  nan,  nan,  nan,  nan,  nan,  nan,  nan,  nan,  nan,
         nan,  nan,  nan,  nan,  nan,  nan,  nan,  nan,  nan,  nan,  nan,
         nan,  nan,  nan,  nan,  nan,  nan,  nan,  nan,  nan,  nan,  nan,
         nan,  nan,  nan,  nan,  nan,  nan,  nan,  nan,  nan,  nan,  nan,
         nan,  nan,  nan,  nan,  nan,  nan,  nan,  nan,  nan,  nan,  nan,
         nan,  nan,  nan,  nan,  nan,  nan,  nan,  nan,  nan,  nan,  nan,
         nan,  nan,  nan,  nan,  nan,  nan,  nan,  nan,  nan,  nan,  nan,
         nan],
       [ nan,  nan,  nan,  nan,  nan,  nan,  nan,  nan,  nan,  nan,  nan,
         nan,  nan,  nan,  nan,  nan,  nan,  nan,  nan,  nan,  nan,  nan,
         nan,  nan,  nan,  nan,  nan,  nan,  nan,  nan,  nan,  nan,  nan,
         nan,  nan,  nan,  nan,  nan,  nan,  nan,  nan,  nan,  nan,  nan,
         nan,  nan,  nan,  nan,  nan,  nan,  nan,  nan,  nan,  nan,  nan,
         nan,  nan,  nan,  nan,  nan,  nan,  nan,  nan,  nan,  nan,  nan,
         nan,  nan,  nan,  nan,  nan,  nan,  nan,  nan,  nan,  nan,  nan,
         nan,  nan,  nan,  nan,  nan,  nan,  nan,  nan,  nan,  nan,  nan,
         nan,  nan,  nan,  nan,  nan,  nan,  nan,  nan,  nan,  nan,  nan,
         nan],
       [ nan,  nan,  nan,  nan,  nan,  nan,  nan,  nan,  nan,  nan,  nan,
         nan,  nan,  nan,  nan,  nan,  nan,  nan,  nan,  nan,  nan,  nan,
         nan,  nan,  nan,  nan,  nan,  nan,  nan,  nan,  nan,  nan,  nan,
         nan,  nan,  nan,  nan,  nan,  nan,  nan,  nan,  nan,  nan,  nan,
         nan,  nan,  nan,  nan,  nan,  nan,  nan,  nan,  nan,  nan,  nan,
         nan,  nan,  nan,  nan,  nan,  nan,  nan,  nan,  nan,  nan,  nan,
         nan,  nan,  nan,  nan,  nan,  nan,  nan,  nan,  nan,  nan,  nan,
         nan,  nan,  nan,  nan,  nan,  nan,  nan,  nan,  nan,  nan,  nan,
         nan,  nan,  nan,  nan,  nan,  nan,  nan,  nan,  nan,  nan,  nan,
         nan],
       [ nan,  nan,  nan,  nan,  nan,  nan,  nan,  nan,  nan,  nan,  nan,
         nan,  nan,  nan,  nan,  nan,  nan,  nan,  nan,  nan,  nan,  nan,
         nan,  nan,  nan,  nan,  nan,  nan,  nan,  nan,  nan,  nan,  nan,
         nan,  nan,  nan,  nan,  nan,  nan,  nan,  nan,  nan,  nan,  nan,
         nan,  nan,  nan,  nan,  nan,  nan,  nan,  nan,  nan,  nan,  nan,
         nan,  nan,  nan,  nan,  nan,  nan,  nan,  nan,  nan,  nan,  nan,
         nan,  nan,  nan,  nan,  nan,  nan,  nan,  nan,  nan,  nan,  nan,
         nan,  nan,  nan,  nan,  nan,  nan,  nan,  nan,  nan,  nan,  nan,
         nan,  nan,  nan,  nan,  nan,  nan,  nan,  nan,  nan,  nan,  nan,
         nan],
       [ nan,  nan,  nan,  nan,  nan,  nan,  nan,  nan,  nan,  nan,  nan,
         nan,  nan,  nan,  nan,  nan,  nan,  nan,  nan,  nan,  nan,  nan,
         nan,  nan,  nan,  nan,  nan,  nan,  nan,  nan,  nan,  nan,  nan,
         nan,  nan,  nan,  nan,  nan,  nan,  nan,  nan,  nan,  nan,  nan,
         nan,  nan,  nan,  nan,  nan,  nan,  nan,  nan,  nan,  nan,  nan,
         nan,  nan,  nan,  nan,  nan,  nan,  nan,  nan,  nan,  nan,  nan,
         nan,  nan,  nan,  nan,  nan,  nan,  nan,  nan,  nan,  nan,  nan,
         nan,  nan,  nan,  nan,  nan,  nan,  nan,  nan,  nan,  nan,  nan,
         nan,  nan,  nan,  nan,  nan,  nan,  nan,  nan,  nan,  nan,  nan,
         nan],
       [ nan,  nan,  nan,  nan,  nan,  nan,  nan,  nan,  nan,  nan,  nan,
         nan,  nan,  nan,  nan,  nan,  nan,  nan,  nan,  nan,  nan,  nan,
         nan,  nan,  nan,  nan,  nan,  nan,  nan,  nan,  nan,  nan,  nan,
         nan,  nan,  nan,  nan,  nan,  nan,  nan,  nan,  nan,  nan,  nan,
         nan,  nan,  nan,  nan,  nan,  nan,  nan,  nan,  nan,  nan,  nan,
         nan,  nan,  nan,  nan,  nan,  nan,  nan,  nan,  nan,  nan,  nan,
         nan,  nan,  nan,  nan,  nan,  nan,  nan,  nan,  nan,  nan,  nan,
         nan,  nan,  nan,  nan,  nan,  nan,  nan,  nan,  nan,  nan,  nan,
         nan,  nan,  nan,  nan,  nan,  nan,  nan,  nan,  nan,  nan,  nan,
         nan],
       [ nan,  nan,  nan,  nan,  nan,  nan,  nan,  nan,  nan,  nan,  nan,
         nan,  nan,  nan,  nan,  nan,  nan,  nan,  nan,  nan,  nan,  nan,
         nan,  nan,  nan,  nan,  nan,  nan,  nan,  nan,  nan,  nan,  nan,
         nan,  nan,  nan,  nan,  nan,  nan,  nan,  nan,  nan,  nan,  nan,
         nan,  nan,  nan,  nan,  nan,  nan,  nan,  nan,  nan,  nan,  nan,
         nan,  nan,  nan,  nan,  nan,  nan,  nan,  nan,  nan,  nan,  nan,
         nan,  nan,  nan,  nan,  nan,  nan,  nan,  nan,  nan,  nan,  nan,
         nan,  nan,  nan,  nan,  nan,  nan,  nan,  nan,  nan,  nan,  nan,
         nan,  nan,  nan,  nan,  nan,  nan,  nan,  nan,  nan,  nan,  nan,
         nan]])
B1:
array([[ nan,  nan,  nan,  nan,  nan,  nan,  nan,  nan,  nan,  nan,  nan,
         nan,  nan,  nan,  nan,  nan,  nan,  nan,  nan,  nan,  nan,  nan,
         nan,  nan,  nan,  nan,  nan,  nan,  nan,  nan,  nan,  nan,  nan,
         nan,  nan,  nan,  nan,  nan,  nan,  nan,  nan,  nan,  nan,  nan,
         nan,  nan,  nan,  nan,  nan,  nan,  nan,  nan,  nan,  nan,  nan,
         nan,  nan,  nan,  nan,  nan,  nan,  nan,  nan,  nan,  nan,  nan,
         nan,  nan,  nan,  nan,  nan,  nan,  nan,  nan,  nan,  nan,  nan,
         nan,  nan,  nan,  nan,  nan,  nan,  nan,  nan,  nan,  nan,  nan,
         nan,  nan,  nan,  nan,  nan,  nan,  nan,  nan,  nan,  nan,  nan,
         nan]])
Z1:
array([[ nan,  nan,  nan, ...,  nan,  nan,  nan],
       [ nan,  nan,  nan, ...,  nan,  nan,  nan],
       [ nan,  nan,  nan, ...,  nan,  nan,  nan],
       ..., 
       [ nan,  nan,  nan, ...,  nan,  nan,  nan],
       [ nan,  nan,  nan, ...,  nan,  nan,  nan],
       [ nan,  nan,  nan, ...,  nan,  nan,  nan]])
A1:
array([[ nan,  nan,  nan, ...,  nan,  nan,  nan],
       [ nan,  nan,  nan, ...,  nan,  nan,  nan],
       [ nan,  nan,  nan, ...,  nan,  nan,  nan],
       ..., 
       [ nan,  nan,  nan, ...,  nan,  nan,  nan],
       [ nan,  nan,  nan, ...,  nan,  nan,  nan],
       [ nan,  nan,  nan, ...,  nan,  nan,  nan]])
W2:
array([[  1.55673089e+01,   1.40764696e+01,  -1.14290062e+02,
          1.92210120e+01,   8.17603660e+00,              nan,
          1.14234041e+01,   6.93477482e+00,   7.74521297e+00],
       [ -3.05507882e+01,  -2.91281307e+01,  -6.30944337e+01,
         -3.67347445e+01,  -3.31343637e+01,              nan,
         -3.32330871e+01,  -3.24951051e+01,  -3.43201443e+01],
       [  1.31796372e+01,   1.22903910e+01,  -1.13323329e+02,
          1.88247554e+01,   8.17351196e+00,              nan,
          1.02820617e+01,   6.12236563e+00,   7.14989128e+00],
       [ -5.51603514e+00,  -8.03967607e+00,  -3.69309129e+01,
         -1.30880436e+00,  -1.09708461e+01,              nan,
         -6.87121650e+00,  -7.47024686e+00,  -9.58292352e+00],
       [  1.31051570e+01,   1.21721136e+01,  -1.11673334e+02,
          1.61701874e+01,   6.06709102e+00,              nan,
          9.31932789e+00,   5.35288505e+00,   5.62123956e+00],
       [  1.57632397e+01,   1.54010379e+01,  -1.12089280e+02,
          1.97671794e+01,   1.01082923e+01,              nan,
          1.29322155e+01,   8.33767205e+00,   9.44449991e+00],
       [ -2.18096563e+01,  -1.91097124e+01,  -6.28623363e+01,
         -1.81112895e+01,  -2.54750513e+01,              nan,
         -2.61117143e+01,  -2.68741415e+01,  -2.66884217e+01],
       [ -8.46514742e+00,  -4.87740094e+00,  -2.34238841e+01,
         -3.04568699e+00,  -8.82252020e+00,              nan,
         -6.64670763e+00,  -3.39493700e+00,  -9.82487894e+00],
       [  1.56268644e+01,   1.49801892e+01,  -1.09395603e+02,
          2.01725632e+01,   1.01017223e+01,              nan,
          1.30266245e+01,   8.07131406e+00,   9.30686509e+00],
       [ -2.15419649e+01,  -2.47510487e+01,  -6.61370892e+01,
         -1.78765025e+01,  -2.70344380e+01,              nan,
         -2.60263593e+01,  -2.62866656e+01,  -3.59929990e+01],
       [  1.20855150e+01,   1.28970546e+01,  -8.38416170e+01,
          1.62785524e+01,   6.69289876e+00,              nan,
          1.01506463e+01,   6.13504659e+00,   5.95146696e+00],
       [  1.61298527e+01,   1.56600953e+01,  -1.11517370e+02,
          1.98506492e+01,   1.03577620e+01,              nan,
          1.32569836e+01,   8.42851972e+00,   9.51397664e+00],
       [ -2.86363456e+00,  -6.11683726e-01,  -3.10403860e+01,
          3.86824759e+00,  -6.04099226e+00,              nan,
         -2.94784599e+00,  -6.43641265e+00,  -6.77871713e+00],
       [  1.54424909e+01,   1.50174902e+01,  -1.06040533e+02,
          1.90769679e+01,   1.00277522e+01,              nan,
          1.27851422e+01,   7.77912487e+00,   9.02354410e+00],
       [ -1.70511896e+01,  -1.99289846e+01,  -4.66771052e+01,
         -1.33559215e+01,  -1.93820086e+01,              nan,
         -1.90905591e+01,  -2.23635712e+01,  -2.13435335e+01],
       [  7.12018131e+00,   8.75313406e+00,  -4.68747586e+01,
          1.15823186e+01,   1.62288159e+00,              nan,
          5.83312013e+00,   1.94845982e+00,   1.64254741e+00],
       [  4.28842019e+00,   1.28427398e+00,  -8.39187437e+01,
          8.67284176e+00,  -6.35892361e+00,              nan,
         -3.72209182e+00,  -3.29452043e+00,  -4.67637019e+00],
       [ -1.17255890e+01,  -9.85975597e+00,  -2.57307844e+01,
         -7.04890078e+00,  -1.20767990e+01,              nan,
         -1.45578143e+01,  -1.17569291e+01,  -1.60663624e+01],
       [  1.37642935e+01,   1.37271739e+01,  -9.20879229e+01,
          1.75944330e+01,   8.34297392e+00,              nan,
          1.15832014e+01,   6.62992954e+00,   6.90377370e+00],
       [  1.53306407e+01,   1.39695037e+01,  -1.13368990e+02,
          1.93987696e+01,   8.81273326e+00,              nan,
          1.18193035e+01,   7.27639281e+00,   8.04117107e+00],
       [ -1.39502474e+01,  -1.30526725e+01,  -1.24851828e+02,
         -6.74974002e+00,  -1.89098289e+01,              nan,
         -1.64238922e+01,  -2.01115408e+01,  -1.87253765e+01],
       [ -2.26486982e+01,  -3.71577097e+01,  -4.69029468e+01,
         -2.16952639e+01,  -2.56581673e+01,              nan,
         -2.50134008e+01,  -2.97558794e+01,  -2.70580652e+01],
       [  1.41888547e+01,   1.46241880e+01,  -1.02569740e+02,
          1.82317824e+01,   8.85630025e+00,              nan,
          1.18892303e+01,   6.73714860e+00,   8.57880483e+00],
       [  6.70231721e+00,   5.30227533e+00,  -1.19614732e+02,
          1.05842064e+01,  -4.70792141e-01,              nan,
          2.26608622e+00,  -1.49788086e+00,  -1.15127239e+00],
       [  7.26201212e+00,   8.34346847e+00,  -9.55320801e+01,
          1.24452740e+01,  -7.65247627e-01,              nan,
          4.55185907e+00,  -3.29618263e-01,  -9.36537116e-01],
       [ -1.06981495e+01,  -1.36780301e+01,  -1.31783356e+02,
         -5.11849301e+00,  -1.96335287e+01,              nan,
         -1.44444336e+01,  -1.80509851e+01,  -1.88889035e+01],
       [ -2.58249350e+01,  -2.05610507e+01,  -8.03833869e+01,
         -1.61817599e+01,  -2.76494829e+01,              nan,
         -2.25130351e+01,  -2.74263040e+01,  -2.62241153e+01],
       [  1.55220709e+01,   1.49974271e+01,  -1.10212073e+02,
          1.97396059e+01,   1.02734244e+01,              nan,
          1.28998199e+01,   7.66282408e+00,   9.21007670e+00],
       [  8.61625490e+00,   7.09520486e+00,  -1.10655902e+02,
          1.13082051e+01,   3.27648911e+00,              nan,
          5.07096258e+00,   2.53050954e+00,   2.14245610e+00],
       [ -1.08156535e+01,  -1.32349869e+01,  -5.18861113e+01,
         -1.38681789e+01,  -1.85105171e+01,              nan,
         -1.44463611e+01,  -1.89783530e+01,  -1.76911698e+01],
       [ -1.24299810e+01,  -1.22354484e+01,  -4.14582814e+01,
         -6.91067428e+00,  -1.56567548e+01,              nan,
         -1.39804461e+01,  -2.36535075e+01,  -1.61959034e+01],
       [  8.52583953e+00,   9.37391487e+00,  -5.95531544e+01,
          1.26182421e+01,   2.53071128e+00,              nan,
          6.78020682e+00,   2.60339440e+00,   2.97501311e+00],
       [  1.59735165e+01,   1.54861210e+01,  -1.12843836e+02,
          1.99543289e+01,   1.02837244e+01,              nan,
          1.30244959e+01,   8.06768220e+00,   9.46420921e+00],
       [  7.07543063e-01,   1.24201331e+00,  -3.38052261e+01,
          3.46633941e+00,  -6.27727019e+00,              nan,
         -7.59953363e-01,  -5.04347083e+00,  -4.95167156e+00],
       [  9.54100354e+00,   7.38038845e+00,  -5.24790129e+01,
          1.24444246e+01,   7.21322825e-01,              nan,
          3.40612734e+00,   1.04368236e+00,  -8.76672351e-01],
       [ -1.31671859e+01,  -1.35665879e+01,  -2.75302135e+01,
         -1.21812168e+01,  -1.39329191e+01,              nan,
         -2.24057600e+01,  -1.14997341e+01,  -1.22549739e+01],
       [  4.97454568e+00,   5.11305999e+00,  -3.43354866e+01,
          9.60569428e+00,  -5.00361715e+00,              nan,
          2.49830739e+00,   6.09414418e-01,  -3.30742664e+00],
       [ -3.14733860e+00,  -2.06626975e+00,  -2.72146754e+01,
          1.36424866e+00,  -7.55886372e+00,              nan,
         -7.32046986e+00,  -7.40681406e+00,  -7.44902594e+00],
       [  6.09317639e-01,   3.08239728e+00,  -1.28901527e+02,
          5.27482950e+00,  -4.50951029e+00,              nan,
         -2.26215780e+00,  -6.81423913e+00,  -7.19828011e+00],
       [  9.17969262e+00,   5.64613934e+00,  -1.22907206e+02,
          1.30441644e+01,   1.63176059e+00,              nan,
          4.11839159e+00,   8.67898491e-01,  -1.26252273e-01],
       [ -2.10419899e+01,  -2.09392901e+01,  -6.70675554e+01,
         -1.66546910e+01,  -2.53589084e+01,              nan,
         -2.33865697e+01,  -2.48622633e+01,  -2.61489089e+01],
       [  1.37922750e+01,   1.30778455e+01,  -1.14222455e+02,
          1.78308408e+01,   6.92996954e+00,              nan,
          1.05029241e+01,   6.04343722e+00,   6.43664270e+00],
       [ -6.49874542e+00,  -4.62482389e+00,  -2.86631662e+01,
         -1.45880422e+00,  -1.04656095e+01,              nan,
         -9.65565765e+00,  -6.83537642e+00,  -1.28543749e+01],
       [ -7.99290718e-01,  -3.51499773e+00,  -8.70468839e+00,
         -7.64140196e+00,  -4.98041189e+00,              nan,
         -2.76207360e+00,  -1.42627780e+00,  -5.59840583e+00],
       [  1.26065990e+01,   1.15402149e+01,  -1.12312175e+02,
          1.65630782e+01,   5.90073789e+00,              nan,
          8.38170395e+00,   4.61108590e+00,   4.86649198e+00],
       [ -1.12508628e+01,  -1.23584627e+01,  -1.70777647e+01,
         -1.15692101e+01,  -8.38225388e+00,              nan,
         -1.24285899e+01,  -1.06147234e+01,  -1.20555464e+01],
       [ -8.99688558e+00,  -1.26119244e+01,  -1.25892230e+02,
         -6.87657431e+00,  -1.82998770e+01,              nan,
         -1.17682073e+01,  -1.77124863e+01,  -1.89232861e+01],
       [ -2.12936320e+00,  -4.43715937e-01,  -9.10835945e+01,
          2.88197985e+00,  -9.06762736e+00,              nan,
         -4.81944097e+00,  -9.62806664e+00,  -9.91726310e+00],
       [ -1.32675735e+01,  -1.58573618e+01,  -1.05374122e+02,
         -1.06448151e+01,  -1.70819917e+01,              nan,
         -1.80069730e+01,  -2.04999081e+01,  -1.94304456e+01],
       [  1.51211900e+00,  -8.70347615e-01,  -1.20855897e+02,
          5.57328214e+00,  -2.52520807e+00,              nan,
         -3.28279444e+00,  -6.08671968e+00,  -5.78747889e+00],
       [  2.02063030e+00,   6.32488466e-01,  -1.20270815e+02,
          5.08903688e+00,  -4.70245025e+00,              nan,
         -3.18496554e+00,  -8.71103253e+00,  -8.32004552e+00],
       [  1.49957898e+01,   1.41588553e+01,  -1.13801109e+02,
          1.91282234e+01,   8.55897901e+00,              nan,
          1.19246753e+01,   7.08220477e+00,   8.82506014e+00],
       [  1.50158365e+01,   1.46481058e+01,  -1.13739777e+02,
          1.94847622e+01,   9.09667385e+00,              nan,
          1.18511051e+01,   8.00639696e+00,   8.53693390e+00],
       [ -3.25771360e+01,  -2.18087010e+01,  -4.85634188e+01,
         -1.62142918e+01,  -2.35696024e+01,              nan,
         -2.42635754e+01,  -2.30636662e+01,  -2.55781389e+01],
       [ -3.50553325e+00,  -7.80552733e+00,  -1.02289241e+02,
         -1.95286609e+00,  -1.26873413e+01,              nan,
         -7.68948405e+00,  -1.31839850e+01,  -1.44478616e+01],
       [ -9.26615193e+00,  -1.30550814e+01,  -1.29812114e+02,
         -5.04240169e+00,  -1.96344512e+01,              nan,
         -1.27834609e+01,  -1.64328916e+01,  -1.80199681e+01],
       [ -1.13763044e+01,  -1.00576733e+01,  -3.97044070e+01,
         -6.55143444e+00,  -1.82877124e+01,              nan,
         -1.38999279e+01,  -3.16443577e+01,  -1.80825707e+01],
       [  1.51957823e+01,   1.48790826e+01,  -1.02101432e+02,
          1.84991330e+01,   9.30266247e+00,              nan,
          1.23811784e+01,   7.16952966e+00,   8.47491512e+00],
       [  4.10968539e+00,   3.60460905e+00,  -1.02644133e+02,
          9.97637498e+00,  -2.74416248e+00,              nan,
          1.64770069e+00,  -3.85697911e+00,  -1.96898634e+00],
       [ -9.98053318e+00,  -1.12541114e+01,  -2.52069256e+01,
         -6.48853324e+00,  -2.48599461e+01,              nan,
         -1.00878447e+01,  -1.04409085e+01,  -1.09988089e+01],
       [  9.16539213e-01,   4.39793740e-01,  -3.73671813e+01,
          5.81710634e+00,  -5.52667758e+00,              nan,
         -1.34426472e+00,  -4.45643749e+00,  -4.60637519e+00],
       [ -7.28287858e+00,  -7.15963406e+00,  -1.11478340e+02,
         -1.93402297e+00,  -1.18469655e+01,              nan,
         -8.48146359e+00,  -1.41131436e+01,  -1.49136992e+01],
       [ -6.34720808e+00,  -1.00445593e+01,  -2.09752995e+01,
         -9.04816519e+00,  -7.60903081e+00,              nan,
         -7.00482955e+00,  -3.94614610e+00,  -8.86698322e+00],
       [  9.63402339e+00,   8.97715909e+00,  -5.45502853e+01,
          1.30003281e+01,   1.45744845e+00,              nan,
          5.52167778e+00,   8.21685340e-01,   9.52498466e-01],
       [  8.47527199e+00,   1.13840785e+01,  -1.04885037e+02,
          1.35086661e+01,   5.71830884e+00,              nan,
          5.76205033e+00,   3.60242490e+00,   4.20061904e+00],
       [  4.88771445e+00,   4.73318405e+00,  -3.05791409e+01,
          8.39947106e+00,   1.86915683e+00,              nan,
         -4.42338547e-01,   1.67969501e+00,   1.21096223e-02],
       [  6.19001503e+00,   5.16382508e+00,  -1.17506899e+02,
          1.05057585e+01,   1.88045231e-01,              nan,
          3.60393987e+00,  -1.48512674e+00,  -8.93154664e-01],
       [  1.09703741e+01,   8.15923794e+00,  -1.11502304e+02,
          1.56541586e+01,   3.37793734e+00,              nan,
          8.54035170e+00,   2.38854154e+00,   2.93215415e+00],
       [  1.07757243e+01,   5.82422993e+00,  -1.14221916e+02,
          1.29943961e+01,   3.08192230e+00,              nan,
          6.07612379e+00,   2.34603508e+00,   2.87263881e+00],
       [  1.28159961e+01,   1.16427461e+01,  -1.13403683e+02,
          1.69108516e+01,   6.07313838e+00,              nan,
          8.99936306e+00,   5.00377556e+00,   5.30217627e+00],
       [  1.48562027e+01,   1.44563571e+01,  -1.15013397e+02,
          1.88910431e+01,   8.95162046e+00,              nan,
          1.19964536e+01,   7.18723198e+00,   7.54109869e+00],
       [  5.72961430e+00,   7.65242377e+00,  -3.57100199e+01,
          1.05405073e+01,   5.50294635e-01,              nan,
          4.47580581e+00,   1.03628626e+00,   5.53449594e-01],
       [ -2.15317132e+01,  -2.64863319e+01,  -3.71387611e+01,
         -1.84347668e+01,  -2.22186126e+01,              nan,
         -2.14122745e+01,  -2.27520071e+01,  -2.39201434e+01],
       [  1.31554350e+00,  -9.08535424e-01,  -7.20110891e+01,
          3.89408077e+00,  -5.33112641e+00,              nan,
         -3.95619010e+00,  -7.66372352e+00,  -6.48026159e+00],
       [  1.54416369e+01,   1.44428041e+01,  -1.12876633e+02,
          1.93653583e+01,   8.90762756e+00,              nan,
          1.20616337e+01,   7.42445014e+00,   8.53710612e+00],
       [  6.36132929e+00,   5.28211717e+00,  -1.18005902e+02,
          1.05992226e+01,   2.79390517e-01,              nan,
          2.85876968e+00,  -1.62853402e+00,  -6.09079389e-01],
       [  4.95177099e+00,   7.02026748e+00,  -7.19606310e+01,
          9.32160392e+00,  -3.94429869e-01,              nan,
          2.39600344e+00,  -7.70252454e-01,  -1.59005734e+00],
       [ -9.71726644e+00,  -9.34170400e+00,  -4.96881259e+01,
         -4.34168522e+00,  -1.64019360e+01,              nan,
         -1.15975667e+01,  -1.57585183e+01,  -2.43375611e+01],
       [  1.56197654e+01,   1.47635283e+01,  -1.09580473e+02,
          1.92410097e+01,   9.41427166e+00,              nan,
          1.22405051e+01,   7.44242000e+00,   8.44098765e+00],
       [ -1.44735425e+01,  -1.94932532e+01,  -2.65186701e+01,
         -1.89527057e+01,  -1.87712018e+01,              nan,
         -1.82114431e+01,  -1.80886214e+01,  -1.74357030e+01],
       [  1.64994715e+00,  -1.28529615e+00,  -1.26150548e+02,
          6.11797529e+00,  -5.70524090e+00,              nan,
         -2.16305011e+00,  -6.17904579e+00,  -6.19742252e+00],
       [  1.04157667e+01,   1.16460618e+01,  -7.06983212e+01,
          1.48978846e+01,   5.10334986e+00,              nan,
          8.74482352e+00,   4.70665075e+00,   4.76295894e+00],
       [ -2.84616576e+01,  -3.32080301e+01,  -8.41644607e+01,
         -2.62070584e+01,  -3.52307547e+01,              nan,
         -4.37367556e+01,  -3.66385951e+01,  -3.52366842e+01],
       [ -1.44754618e+01,  -1.13472333e+01,  -1.24993071e+02,
         -9.70354904e+00,  -2.31815908e+01,              nan,
         -1.96281009e+01,  -2.36798392e+01,  -2.05058654e+01],
       [  1.03984205e+01,   1.07685261e+01,  -6.99062742e+01,
          1.40639553e+01,   4.06931097e+00,              nan,
          7.97175120e+00,   3.79009392e+00,   3.70984349e+00],
       [ -5.26606482e+00,  -5.81917297e+00,  -1.16615839e+02,
          2.44840922e+00,  -6.15111588e+00,              nan,
         -6.98010350e+00,  -1.00178158e+01,  -1.03401564e+01],
       [  4.66110570e+00,   1.69465691e+00,  -2.65385854e+01,
          1.02235101e+01,  -1.20237404e-01,              nan,
          3.37353723e-01,  -1.88607799e+00,  -1.77866674e-01],
       [ -1.41711091e+01,  -1.14007229e+01,  -2.87646416e+01,
         -1.20570953e+01,  -1.33413864e+01,              nan,
         -1.90116838e+01,  -9.40046644e+00,  -1.29822168e+01],
       [ -1.66266368e+00,  -1.89168357e+00,  -1.25133186e+02,
          9.95192983e-01,  -7.46734688e+00,              nan,
         -4.20835466e+00,  -1.20089540e+01,  -7.98419884e+00],
       [  2.13739791e+00,   5.07620973e-01,  -1.13202128e+02,
          5.06117605e+00,  -5.18357299e+00,              nan,
         -4.42915977e+00,  -6.23973773e+00,  -7.27343377e+00],
       [  1.38795341e+01,   1.44396702e+01,  -9.53396414e+01,
          1.78866869e+01,   8.38405993e+00,              nan,
          1.18993625e+01,   6.55790311e+00,   7.65239592e+00],
       [  1.56259046e+01,   1.54864943e+01,  -1.12042134e+02,
          1.94705293e+01,   1.02822337e+01,              nan,
          1.31125626e+01,   8.55314919e+00,   9.39028940e+00],
       [  8.78491147e+00,   8.92598091e+00,  -1.08348071e+02,
          1.42782622e+01,   2.54551453e+00,              nan,
          6.93005068e+00,   1.82831659e+00,   2.15815596e+00],
       [  1.53158430e+01,   1.39764297e+01,  -1.11766749e+02,
          1.98573170e+01,   9.07606065e+00,              nan,
          1.22117782e+01,   6.97166498e+00,   8.50633530e+00],
       [  1.39202893e+01,   1.37289278e+01,  -1.14188830e+02,
          1.86245155e+01,   8.08776827e+00,              nan,
          1.06915758e+01,   6.86093491e+00,   7.51391188e+00],
       [  1.13949433e+01,   9.43787779e+00,  -6.50910811e+01,
          1.43274563e+01,   8.45629128e+00,              nan,
          9.34416780e+00,   2.51453340e+00,   2.90837315e+00],
       [ -6.20231888e+00,  -5.45762167e+00,  -1.14524033e+02,
         -3.46630754e+00,  -1.54318561e+01,              nan,
         -1.18378490e+01,  -1.39779447e+01,  -1.42063178e+01],
       [ -3.92864350e+00,  -6.73988913e+00,  -1.34092603e+02,
         -3.06820687e+00,  -9.51757287e+00,              nan,
         -7.60931416e+00,  -1.33302475e+01,  -8.98358690e+00],
       [ -3.15598403e+01,  -3.22564560e+01,  -5.68473725e+01,
         -2.73934722e+01,  -4.68507255e+01,              nan,
         -3.44528261e+01,  -3.48138046e+01,  -3.37583803e+01],
       [  1.15177547e+00,   1.76230818e+00,  -3.99199704e+01,
          5.58038305e+00,  -5.20812189e+00,              nan,
         -8.75901879e-01,  -4.31769034e+00,  -4.58871795e+00]])
B2:
array([[ -59.59915397,  -60.52570795, -167.53159161,  -55.15958474,
         -65.6095608 ,           nan,  -62.00582568,  -67.8230294 ,
         -65.82218825]])
Z2:
array([[ nan,  nan,  nan, ...,  nan,  nan,  nan],
       [ nan,  nan,  nan, ...,  nan,  nan,  nan],
       [ nan,  nan,  nan, ...,  nan,  nan,  nan],
       ..., 
       [ nan,  nan,  nan, ...,  nan,  nan,  nan],
       [ nan,  nan,  nan, ...,  nan,  nan,  nan],
       [ nan,  nan,  nan, ...,  nan,  nan,  nan]])