
delta2:
array([[  3.78922488e-10,   1.38469201e-09,   3.05634790e-07, ...,
          1.80625518e-05,   1.30747438e-04,   1.17313642e-08],
       [  1.05502104e-10,   3.31046172e-13,   2.78299712e-08, ...,
          1.72180368e-05,   1.50762997e-08,   3.37241457e-11],
       [  1.02451679e-11,   2.10096543e-15,   1.89446582e-09, ...,
          1.37649959e-05,   2.25712804e-08,   3.76625236e-12],
       ..., 
       [  6.70938188e-08,   1.20482080e-08,   8.84686409e-06, ...,
          2.67297167e-04,   3.60511726e-01,   6.67211551e-08],
       [  5.27753343e-09,   2.21728468e-08,   1.60959993e-05, ...,
          8.43352719e-05,   4.05180869e-01,   8.64678192e-08],
       [  9.80209280e-09,   4.51627622e-06,   9.73265590e-05, ...,
          4.70369717e-05,  -6.49063635e-03,   8.63444544e-06]])
delta3:
array([[ -1.36970001e-001,  -1.36970001e-001,  -1.36970001e-001, ...,
         -4.12099942e-002,   8.63029999e-001,  -1.36970001e-001],
       [ -1.91360607e-001,  -1.91360607e-001,   0.00000000e+000, ...,
          0.00000000e+000,   8.08639393e-001,  -4.31969632e-002],
       [  6.30334647e-165,  -3.18227563e-001,   0.00000000e+000, ...,
          0.00000000e+000,   6.81772437e-001,   8.30717474e-262],
       ..., 
       [  3.43598707e-163,   3.67019749e-268,  -2.37040911e-001, ...,
         -2.37040911e-001,   9.48163644e-001,  -2.37040911e-001],
       [  2.48345221e-162,   9.02312009e-269,  -6.04230823e-002, ...,
         -4.69788459e-001,   1.00000000e+000,   9.02312009e-269],
       [  2.25317663e-165,   6.36719203e-254,   0.00000000e+000, ...,
          0.00000000e+000,   1.00000000e+000,   6.36719203e-254]])
dW1:
array([[ nan,  nan,  nan,  nan,  nan,  nan,  nan,  nan,  nan,  nan,  nan,
         nan,  nan,  nan,  nan,  nan,  nan,  nan,  nan,  nan,  nan,  nan,
         nan,  nan,  nan,  nan,  nan,  nan,  nan,  nan,  nan,  nan,  nan,
         nan,  nan,  nan,  nan,  nan,  nan,  nan,  nan,  nan,  nan,  nan,
         nan,  nan,  nan,  nan,  nan,  nan,  nan,  nan,  nan,  nan,  nan,
         nan,  nan,  nan,  nan,  nan,  nan,  nan,  nan,  nan,  nan,  nan,
         nan,  nan,  nan,  nan,  nan,  nan,  nan,  nan,  nan,  nan,  nan,
         nan,  nan,  nan,  nan,  nan,  nan,  nan,  nan,  nan,  nan,  nan,
         nan,  nan,  nan,  nan,  nan,  nan,  nan,  nan,  nan,  nan,  nan,
         nan],
       [ nan,  nan,  nan,  nan,  nan,  nan,  nan,  nan,  nan,  nan,  nan,
         nan,  nan,  nan,  nan,  nan,  nan,  nan,  nan,  nan,  nan,  nan,
         nan,  nan,  nan,  nan,  nan,  nan,  nan,  nan,  nan,  nan,  nan,
         nan,  nan,  nan,  nan,  nan,  nan,  nan,  nan,  nan,  nan,  nan,
         nan,  nan,  nan,  nan,  nan,  nan,  nan,  nan,  nan,  nan,  nan,
         nan,  nan,  nan,  nan,  nan,  nan,  nan,  nan,  nan,  nan,  nan,
         nan,  nan,  nan,  nan,  nan,  nan,  nan,  nan,  nan,  nan,  nan,
         nan,  nan,  nan,  nan,  nan,  nan,  nan,  nan,  nan,  nan,  nan,
         nan,  nan,  nan,  nan,  nan,  nan,  nan,  nan,  nan,  nan,  nan,
         nan],
       [ nan,  nan,  nan,  nan,  nan,  nan,  nan,  nan,  nan,  nan,  nan,
         nan,  nan,  nan,  nan,  nan,  nan,  nan,  nan,  nan,  nan,  nan,
         nan,  nan,  nan,  nan,  nan,  nan,  nan,  nan,  nan,  nan,  nan,
         nan,  nan,  nan,  nan,  nan,  nan,  nan,  nan,  nan,  nan,  nan,
         nan,  nan,  nan,  nan,  nan,  nan,  nan,  nan,  nan,  nan,  nan,
         nan,  nan,  nan,  nan,  nan,  nan,  nan,  nan,  nan,  nan,  nan,
         nan,  nan,  nan,  nan,  nan,  nan,  nan,  nan,  nan,  nan,  nan,
         nan,  nan,  nan,  nan,  nan,  nan,  nan,  nan,  nan,  nan,  nan,
         nan,  nan,  nan,  nan,  nan,  nan,  nan,  nan,  nan,  nan,  nan,
         nan],
       [ nan,  nan,  nan,  nan,  nan,  nan,  nan,  nan,  nan,  nan,  nan,
         nan,  nan,  nan,  nan,  nan,  nan,  nan,  nan,  nan,  nan,  nan,
         nan,  nan,  nan,  nan,  nan,  nan,  nan,  nan,  nan,  nan,  nan,
         nan,  nan,  nan,  nan,  nan,  nan,  nan,  nan,  nan,  nan,  nan,
         nan,  nan,  nan,  nan,  nan,  nan,  nan,  nan,  nan,  nan,  nan,
         nan,  nan,  nan,  nan,  nan,  nan,  nan,  nan,  nan,  nan,  nan,
         nan,  nan,  nan,  nan,  nan,  nan,  nan,  nan,  nan,  nan,  nan,
         nan,  nan,  nan,  nan,  nan,  nan,  nan,  nan,  nan,  nan,  nan,
         nan,  nan,  nan,  nan,  nan,  nan,  nan,  nan,  nan,  nan,  nan,
         nan],
       [ nan,  nan,  nan,  nan,  nan,  nan,  nan,  nan,  nan,  nan,  nan,
         nan,  nan,  nan,  nan,  nan,  nan,  nan,  nan,  nan,  nan,  nan,
         nan,  nan,  nan,  nan,  nan,  nan,  nan,  nan,  nan,  nan,  nan,
         nan,  nan,  nan,  nan,  nan,  nan,  nan,  nan,  nan,  nan,  nan,
         nan,  nan,  nan,  nan,  nan,  nan,  nan,  nan,  nan,  nan,  nan,
         nan,  nan,  nan,  nan,  nan,  nan,  nan,  nan,  nan,  nan,  nan,
         nan,  nan,  nan,  nan,  nan,  nan,  nan,  nan,  nan,  nan,  nan,
         nan,  nan,  nan,  nan,  nan,  nan,  nan,  nan,  nan,  nan,  nan,
         nan,  nan,  nan,  nan,  nan,  nan,  nan,  nan,  nan,  nan,  nan,
         nan],
       [ nan,  nan,  nan,  nan,  nan,  nan,  nan,  nan,  nan,  nan,  nan,
         nan,  nan,  nan,  nan,  nan,  nan,  nan,  nan,  nan,  nan,  nan,
         nan,  nan,  nan,  nan,  nan,  nan,  nan,  nan,  nan,  nan,  nan,
         nan,  nan,  nan,  nan,  nan,  nan,  nan,  nan,  nan,  nan,  nan,
         nan,  nan,  nan,  nan,  nan,  nan,  nan,  nan,  nan,  nan,  nan,
         nan,  nan,  nan,  nan,  nan,  nan,  nan,  nan,  nan,  nan,  nan,
         nan,  nan,  nan,  nan,  nan,  nan,  nan,  nan,  nan,  nan,  nan,
         nan,  nan,  nan,  nan,  nan,  nan,  nan,  nan,  nan,  nan,  nan,
         nan,  nan,  nan,  nan,  nan,  nan,  nan,  nan,  nan,  nan,  nan,
         nan],
       [ nan,  nan,  nan,  nan,  nan,  nan,  nan,  nan,  nan,  nan,  nan,
         nan,  nan,  nan,  nan,  nan,  nan,  nan,  nan,  nan,  nan,  nan,
         nan,  nan,  nan,  nan,  nan,  nan,  nan,  nan,  nan,  nan,  nan,
         nan,  nan,  nan,  nan,  nan,  nan,  nan,  nan,  nan,  nan,  nan,
         nan,  nan,  nan,  nan,  nan,  nan,  nan,  nan,  nan,  nan,  nan,
         nan,  nan,  nan,  nan,  nan,  nan,  nan,  nan,  nan,  nan,  nan,
         nan,  nan,  nan,  nan,  nan,  nan,  nan,  nan,  nan,  nan,  nan,
         nan,  nan,  nan,  nan,  nan,  nan,  nan,  nan,  nan,  nan,  nan,
         nan,  nan,  nan,  nan,  nan,  nan,  nan,  nan,  nan,  nan,  nan,
         nan],
       [ nan,  nan,  nan,  nan,  nan,  nan,  nan,  nan,  nan,  nan,  nan,
         nan,  nan,  nan,  nan,  nan,  nan,  nan,  nan,  nan,  nan,  nan,
         nan,  nan,  nan,  nan,  nan,  nan,  nan,  nan,  nan,  nan,  nan,
         nan,  nan,  nan,  nan,  nan,  nan,  nan,  nan,  nan,  nan,  nan,
         nan,  nan,  nan,  nan,  nan,  nan,  nan,  nan,  nan,  nan,  nan,
         nan,  nan,  nan,  nan,  nan,  nan,  nan,  nan,  nan,  nan,  nan,
         nan,  nan,  nan,  nan,  nan,  nan,  nan,  nan,  nan,  nan,  nan,
         nan,  nan,  nan,  nan,  nan,  nan,  nan,  nan,  nan,  nan,  nan,
         nan,  nan,  nan,  nan,  nan,  nan,  nan,  nan,  nan,  nan,  nan,
         nan],
       [ nan,  nan,  nan,  nan,  nan,  nan,  nan,  nan,  nan,  nan,  nan,
         nan,  nan,  nan,  nan,  nan,  nan,  nan,  nan,  nan,  nan,  nan,
         nan,  nan,  nan,  nan,  nan,  nan,  nan,  nan,  nan,  nan,  nan,
         nan,  nan,  nan,  nan,  nan,  nan,  nan,  nan,  nan,  nan,  nan,
         nan,  nan,  nan,  nan,  nan,  nan,  nan,  nan,  nan,  nan,  nan,
         nan,  nan,  nan,  nan,  nan,  nan,  nan,  nan,  nan,  nan,  nan,
         nan,  nan,  nan,  nan,  nan,  nan,  nan,  nan,  nan,  nan,  nan,
         nan,  nan,  nan,  nan,  nan,  nan,  nan,  nan,  nan,  nan,  nan,
         nan,  nan,  nan,  nan,  nan,  nan,  nan,  nan,  nan,  nan,  nan,
         nan]])
dB1:
array([ nan,  nan,  nan,  nan,  nan,  nan,  nan,  nan,  nan,  nan,  nan,
        nan,  nan,  nan,  nan,  nan,  nan,  nan,  nan,  nan,  nan,  nan,
        nan,  nan,  nan,  nan,  nan,  nan,  nan,  nan,  nan,  nan,  nan,
        nan,  nan,  nan,  nan,  nan,  nan,  nan,  nan,  nan,  nan,  nan,
        nan,  nan,  nan,  nan,  nan,  nan,  nan,  nan,  nan,  nan,  nan,
        nan,  nan,  nan,  nan,  nan,  nan,  nan,  nan,  nan,  nan,  nan,
        nan,  nan,  nan,  nan,  nan,  nan,  nan,  nan,  nan,  nan,  nan,
        nan,  nan,  nan,  nan,  nan,  nan,  nan,  nan,  nan,  nan,  nan,
        nan,  nan,  nan,  nan,  nan,  nan,  nan,  nan,  nan,  nan,  nan,
        nan])
dW2:
array([[-196.20083248, -172.291004  , -195.83907244, -174.65079898,
        -207.78560621, -157.87441013, -178.94085338,           nan,
        -169.30312296],
       [-196.50970558, -172.57912875, -196.06506693, -175.03834738,
        -208.13255268, -158.1438235 , -179.25878036,           nan,
        -169.59316661],
       [-196.17682276, -172.28236588, -195.77286126, -174.78314783,
        -207.81959738, -157.83998384, -178.94617227,           nan,
        -169.27453344],
       [-196.41682097, -172.54425372, -196.00679383, -175.20628598,
        -208.10666979, -158.06490926, -179.21541851,           nan,
        -169.54117199],
       [-196.1864166 , -172.37002614, -195.82761433, -174.05094933,
        -207.90576052, -157.91754165, -179.03264848,           nan,
        -169.33289517],
       [-196.22795964, -172.33396604, -195.81960052, -174.99498132,
        -207.8617741 , -157.88646   , -178.99303558,           nan,
        -169.32641304],
       [ -94.34139811,  -87.54348595,  -91.62681783,  -77.13782126,
         -95.78589552,  -76.35169676,  -85.31521228,           nan,
         -83.12019204],
       [-195.87268665, -172.3843172 , -195.88260811, -173.62648708,
        -207.9808338 , -157.99165792, -179.07351397,           nan,
        -169.37315683],
       [-196.17131812, -172.28913681, -195.77564869, -174.74973516,
        -207.82447607, -157.83605501, -178.95288224,           nan,
        -169.27792588],
       [-103.12147931,  -88.70798343, -106.7820357 ,  -85.85876727,
        -115.16835239,  -81.28963211,  -94.37397028,           nan,
         -86.75615532],
       [-196.31958749, -172.432073  , -195.93691651, -174.08913354,
        -208.00077332, -158.0219471 , -179.11219858,           nan,
        -169.44355578],
       [-196.16850142, -172.2716632 , -195.75836055, -174.9427926 ,
        -207.80865725, -157.82668856, -178.9310257 ,           nan,
        -169.26665715],
       [-196.63246283, -172.77817311, -196.27318157, -174.68314188,
        -208.35255383, -158.31026554, -179.42096378,           nan,
        -169.62942356],
       [-196.17174459, -172.28531691, -195.76554259, -174.97681327,
        -207.81672539, -157.82552857, -178.93543667,           nan,
        -169.2737908 ],
       [-196.3673922 , -172.48451834, -195.95763525, -174.94229402,
        -207.98528751, -158.00221458, -179.12857447,           nan,
        -169.46530726],
       [-122.37084835, -105.91364962, -125.46169011, -103.24812382,
        -140.00012666,  -91.25471595, -116.53047494,           nan,
         -98.99798051],
       [-196.18942435, -172.28384054, -195.7696594 , -174.81986533,
        -207.8165786 , -157.84040534, -178.94557913,           nan,
        -169.27287707],
       [-195.89050702, -172.20521605, -195.72186864, -173.75236126,
        -207.75284592, -157.86044226, -178.99046752,           nan,
        -169.32216751],
       [-196.29992381, -172.41506058, -195.90120058, -174.95866872,
        -207.95253951, -157.95866938, -179.08607524,           nan,
        -169.41374609],
       [-196.17522463, -172.29114798, -195.76657862, -174.99926356,
        -207.82201264, -157.84407028, -178.95023378,           nan,
        -169.28114082],
       [-146.65212847, -129.3307031 , -160.15438781, -119.97798816,
        -154.62115871, -118.70561376, -134.72729278,           nan,
        -129.14719743],
       [-196.24945975, -172.34770554, -195.85101965, -174.0825324 ,
        -207.90504661, -157.90764369, -179.02667526,           nan,
        -169.33600167],
       [-196.46801528, -172.59616457, -196.03630498, -174.96794155,
        -208.12865426, -158.15264867, -179.26484315,           nan,
        -169.57389723],
       [-196.20498331, -172.32079716, -195.79914433, -174.98467618,
        -207.84947499, -157.87856984, -178.98428024,           nan,
        -169.3035307 ],
       [-196.25832033, -172.35744394, -195.85494848, -173.97981975,
        -207.90680705, -157.91232164, -179.02246011,           nan,
        -169.34225293],
       [-196.1674107 , -172.27440865, -195.75935948, -174.93329745,
        -207.81052055, -157.8255301 , -178.92558571,           nan,
        -169.26679719],
       [-196.17923178, -172.28285028, -195.77024699, -174.80148608,
        -207.82137973, -157.83985805, -178.95197679,           nan,
        -169.28134593],
       [-148.79784946, -145.20250154, -154.25202124, -134.65924826,
        -183.64540559, -120.08279212, -135.48589514,           nan,
        -133.34022079],
       [-196.25641339, -172.39915791, -195.87964518, -174.48337255,
        -207.90859995, -157.96393227, -179.0234528 ,           nan,
        -169.38044683],
       [-137.82288641, -127.88241797, -141.70546166, -118.96172759,
        -146.79768485, -116.92390857, -129.39381093,           nan,
        -125.53830961],
       [-196.32560216, -172.42244674, -195.90357773, -174.81952006,
        -207.96961512, -157.98209836, -179.10132014,           nan,
        -169.42395341],
       [-196.34211492, -172.43874034, -195.92798421, -175.16656281,
        -207.99659835, -157.9998035 , -179.09773384,           nan,
        -169.4412737 ],
       [-196.17328767, -172.27634153, -195.76471864, -174.8312033 ,
        -207.81421414, -157.83528744, -178.9420667 ,           nan,
        -169.27051121],
       [-144.3203026 , -129.78329117, -146.34649135, -127.37789921,
        -146.15014309, -125.73411935, -131.63395793,           nan,
        -126.58223508],
       [ -50.64927129,  -42.05168036,  -49.77410481,  -37.8303186 ,
         -60.27916887,  -35.92239111,  -50.35309264,           nan,
         -40.68538808],
       [-196.26691885, -172.36701304, -195.86341348, -175.06310908,
        -207.89975641, -157.91917239, -179.02389437,           nan,
        -169.36191646],
       [-196.16824711, -172.28634231, -195.76718538, -174.90773946,
        -207.81634292, -157.83515082, -178.93053392,           nan,
        -169.2608308 ],
       [-155.90639148, -142.27076324, -160.88342902, -135.41173946,
        -171.96612607, -132.29320939, -166.66838698,           nan,
        -142.89061892],
       [-196.20955759, -172.34298551, -195.92394336, -174.06149532,
        -207.98092621, -157.9592728 , -179.06766343,           nan,
        -169.39810545],
       [-196.1645518 , -172.27440212, -195.75763678, -174.95652225,
        -207.81183522, -157.82754376, -178.93094484,           nan,
        -169.26570193],
       [-196.43539691, -172.52677922, -195.95476201, -173.50830147,
        -207.93822118, -157.95109307, -179.13523505,           nan,
        -169.61608744],
       [-196.19521748, -172.29170206, -195.78980929, -174.9908302 ,
        -207.83465946, -157.85310163, -178.96493737,           nan,
        -169.29562563],
       [-115.71700456,  -94.37124545, -114.42918045,  -96.81507689,
        -118.94060442,  -91.03607851, -103.63827515,           nan,
         -98.37359088],
       [-196.21611627, -172.32718459, -195.84249827, -174.56117419,
        -207.89193137, -157.88863364, -178.99784911,           nan,
        -169.34968843],
       [-196.17737924, -172.28432846, -195.77264513, -174.97125388,
        -207.81197478, -157.82212797, -178.94072465,           nan,
        -169.28169092],
       [-196.19286395, -172.28477081, -195.7718128 , -174.98299385,
        -207.82048675, -157.83629642, -178.94287773,           nan,
        -169.27988641],
       [-196.22208156, -172.32742096, -195.81419139, -175.00434941,
        -207.85810488, -157.88621279, -178.99198413,           nan,
        -169.32627139],
       [-196.16460001, -172.27005709, -195.75664558, -174.92479578,
        -207.80671619, -157.82591342, -178.92947301,           nan,
        -169.26480632],
       [-196.41452354, -172.47170022, -195.97591751, -175.06855611,
        -208.04725735, -158.08712946, -179.16153161,           nan,
        -169.48920242],
       [-196.23506094, -172.33028821, -195.82932661, -174.34391125,
        -207.88183252, -157.88325292, -178.99463466,           nan,
        -169.33081875],
       [-196.26911233, -172.37698479, -195.86434581, -175.04727012,
        -207.90226912, -157.92775616, -179.03688648,           nan,
        -169.36159374],
       [-196.27966489, -172.41682307, -195.88168981, -174.99315199,
        -207.95120605, -157.99060435, -179.07222311,           nan,
        -169.40355425],
       [-196.2169219 , -172.34785242, -195.82810947, -174.19991932,
        -207.89878371, -157.90789711, -179.01633121,           nan,
        -169.29227324],
       [-196.24713758, -172.34195811, -195.84492737, -174.19115108,
        -207.89246882, -157.90117943, -179.01946867,           nan,
        -169.3427724 ],
       [-179.20446112, -161.32127152, -189.27066015, -155.59150048,
        -194.81060603, -146.41355133, -164.22890905,           nan,
        -156.53632695],
       [-196.45835462, -172.56276538, -196.08672846, -174.87154037,
        -208.13310306, -158.13032829, -179.2664256 ,           nan,
        -169.60045612],
       [-196.17866755, -172.30020195, -195.81458023, -174.62933356,
        -207.8271566 , -157.88433191, -178.98246105,           nan,
        -169.28151626],
       [-196.36134036, -172.45418253, -195.94542582, -174.99595154,
        -207.98055851, -158.0106893 , -179.11299287,           nan,
        -169.448713  ],
       [-196.24543097, -172.22002314, -195.88142468, -174.03899009,
        -207.88912743, -157.93666067, -179.01302805,           nan,
        -169.34282969],
       [-196.30164978, -172.42356515, -195.90451997, -174.92356775,
        -207.96625883, -157.96694647, -179.09618025,           nan,
        -169.43219543],
       [-196.42100183, -172.55567838, -196.06392555, -175.04274104,
        -208.08770511, -158.05646828, -179.1777048 ,           nan,
        -169.53216198],
       [-176.12388379, -162.79313568, -182.02045848, -158.6687658 ,
        -191.02364929, -150.32747694, -162.44395385,           nan,
        -166.8401417 ],
       [-196.16611938, -172.27425781, -195.75256453, -174.93218949,
        -207.80925201, -157.82968896, -178.93570916,           nan,
        -169.26923136],
       [-106.85876695,  -82.70294653, -102.35494544,  -92.14938438,
        -105.46337686,  -86.72949974,  -96.01825327,           nan,
         -89.57436498],
       [ -52.04189274,  -38.33002315,   -0.79199908,  -51.5803309 ,
         -51.60847074,  -37.54910876,  -44.43385735,           nan,
         -40.48052987],
       [-196.18139272, -172.28996045, -195.78076285, -174.69979913,
        -207.82781669, -157.84260379, -178.95611362,           nan,
        -169.28447669],
       [-196.29032386, -172.36436916, -195.90700503, -174.00035274,
        -207.9315589 , -157.95682422, -179.0818713 ,           nan,
        -169.39269352],
       [-196.54788043, -172.80505054, -196.16707655, -174.54421486,
        -208.2278351 , -158.23339537, -179.32970522,           nan,
        -169.68072096],
       [-196.4563599 , -172.54401965, -196.03222397, -174.10563362,
        -208.1016492 , -158.08623961, -179.20704431,           nan,
        -169.54861125],
       [-196.42612768, -172.52764272, -196.0094051 , -174.35723059,
        -208.06436972, -158.05727931, -179.1737115 ,           nan,
        -169.58719981],
       [-196.3112452 , -172.41587416, -195.91276344, -174.10021421,
        -207.94357807, -157.96053978, -179.07089365,           nan,
        -169.4062967 ],
       [-196.23833557, -172.34266624, -195.83880819, -174.1089161 ,
        -207.89159501, -157.89880165, -179.0068111 ,           nan,
        -169.32159086],
       [-196.24600836, -172.34822444, -195.84709617, -174.06453408,
        -207.89531434, -157.90341912, -179.01837535,           nan,
        -169.33902792],
       [-165.56575394, -166.3946949 , -169.75812837, -150.30685818,
        -176.18672818, -139.01785864, -152.16612156,           nan,
        -147.28141916],
       [-165.19109477, -144.64303005, -167.76126231, -143.53874839,
        -172.18379929, -138.48759127, -149.72743776,           nan,
        -143.2023823 ],
       [-196.38497277, -172.51818855, -195.99017585, -175.16947804,
        -208.00919433, -158.06320935, -179.14257051,           nan,
        -169.51406783],
       [ -71.70399057,  -54.56758759,  -70.85811403,  -58.53193789,
         -81.75520889,  -55.14162493,  -65.27566726,           nan,
         -57.18693053],
       [-196.32648031, -172.43210578, -195.91398764, -174.97909101,
        -207.94717385, -157.97567893, -179.07969737,           nan,
        -169.42406618],
       [-196.45428112, -172.54361839, -196.04078326, -174.44112019,
        -208.07642961, -158.17982854, -179.21703618,           nan,
        -169.53687364],
       [-190.41470755, -138.92555106, -164.33106184, -142.87723986,
        -178.48735134, -140.79390367, -143.62521345,           nan,
        -138.41227394],
       [-196.22259187, -172.32631477, -195.81726578, -174.25392531,
        -207.87022246, -157.88680697, -178.99147389,           nan,
        -169.31567337],
       [-196.29399682, -172.39994386, -195.90445349, -173.86248925,
        -207.8971608 , -157.95671548, -179.03172173,           nan,
        -169.40006937],
       [-196.52193879, -172.61997838, -196.13232539, -174.73586841,
        -208.12701347, -158.18102296, -179.37854317,           nan,
        -169.61159587],
       [-196.26923862, -172.39632736, -195.8934038 , -174.67474644,
        -207.94513578, -157.94053462, -179.05154553,           nan,
        -169.37626955],
       [-196.57462037, -172.66893491, -196.14946912, -174.75841193,
        -208.17175836, -158.24762273, -179.32970337,           nan,
        -169.65262722],
       [-136.57872845, -105.89965341, -128.32445395, -122.90420744,
        -147.39676335, -110.20136398, -129.40294076,           nan,
        -110.49281596],
       [-196.26139044, -172.33670511, -195.83518662, -174.23461528,
        -207.88810105, -157.88818506, -179.00394004,           nan,
        -169.3190606 ],
       [-196.32746572, -172.42122463, -195.92203865, -174.22801712,
        -207.96130307, -157.96224756, -179.08911288,           nan,
        -169.43469333],
       [-196.19798774, -172.32610693, -195.80166172, -175.00122937,
        -207.8518491 , -157.87027426, -178.97822793,           nan,
        -169.30916672],
       [-196.26179952, -172.36469073, -195.85255481, -175.02631525,
        -207.89768657, -157.90903916, -179.03025355,           nan,
        -169.36127124],
       [-196.55942308, -172.58710083, -196.07658841, -174.82196589,
        -208.13854298, -158.13923723, -179.26282421,           nan,
        -169.58388406],
       [-196.3165    , -172.40219818, -195.92601042, -174.29701327,
        -207.98494725, -157.95164458, -179.05135818,           nan,
        -169.40954078],
       [-196.27200071, -172.33156999, -195.85118716, -174.55327414,
        -207.8777406 , -157.90568853, -179.0315621 ,           nan,
        -169.35249002],
       [-196.18604282, -172.29931038, -195.77713416, -175.02293439,
        -207.83644044, -157.83527069, -178.94224654,           nan,
        -169.29629843],
       [-196.32083203, -172.43906775, -195.9027939 , -174.21386182,
        -207.96959793, -157.99661517, -179.07298329,           nan,
        -169.40693378],
       [-196.39469055, -172.48257803, -195.9745858 , -174.93371827,
        -208.02998392, -158.03825837, -179.16458439,           nan,
        -169.48025264],
       [-196.2632971 , -172.37402537, -195.86324963, -174.19023895,
        -207.89764063, -157.88534168, -179.03173645,           nan,
        -169.3410103 ],
       [-196.25126945, -172.34088867, -195.86093937, -174.17302393,
        -207.83097374, -157.89298954, -178.99861382,           nan,
        -169.32966292],
       [ -26.85471904,  -16.0248387 ,  -11.31289397,  -13.61919181,
         -23.18899001,  -19.89604937,  -23.25037798,           nan,
         -15.99191407],
       [-196.34457241, -172.46532082, -195.93549845, -174.96023658,
        -207.96901047, -157.973311  , -179.10657096,           nan,
        -169.44543732]])
dB2:
array([[-196.35932641, -172.35176881, -195.86726085, -173.53825258,
        -208.02098079, -158.04727681, -179.06876149,           nan,
        -169.34186542]])
W1:
array([[ nan,  nan,  nan,  nan,  nan,  nan,  nan,  nan,  nan,  nan,  nan,
         nan,  nan,  nan,  nan,  nan,  nan,  nan,  nan,  nan,  nan,  nan,
         nan,  nan,  nan,  nan,  nan,  nan,  nan,  nan,  nan,  nan,  nan,
         nan,  nan,  nan,  nan,  nan,  nan,  nan,  nan,  nan,  nan,  nan,
         nan,  nan,  nan,  nan,  nan,  nan,  nan,  nan,  nan,  nan,  nan,
         nan,  nan,  nan,  nan,  nan,  nan,  nan,  nan,  nan,  nan,  nan,
         nan,  nan,  nan,  nan,  nan,  nan,  nan,  nan,  nan,  nan,  nan,
         nan,  nan,  nan,  nan,  nan,  nan,  nan,  nan,  nan,  nan,  nan,
         nan,  nan,  nan,  nan,  nan,  nan,  nan,  nan,  nan,  nan,  nan,
         nan],
       [ nan,  nan,  nan,  nan,  nan,  nan,  nan,  nan,  nan,  nan,  nan,
         nan,  nan,  nan,  nan,  nan,  nan,  nan,  nan,  nan,  nan,  nan,
         nan,  nan,  nan,  nan,  nan,  nan,  nan,  nan,  nan,  nan,  nan,
         nan,  nan,  nan,  nan,  nan,  nan,  nan,  nan,  nan,  nan,  nan,
         nan,  nan,  nan,  nan,  nan,  nan,  nan,  nan,  nan,  nan,  nan,
         nan,  nan,  nan,  nan,  nan,  nan,  nan,  nan,  nan,  nan,  nan,
         nan,  nan,  nan,  nan,  nan,  nan,  nan,  nan,  nan,  nan,  nan,
         nan,  nan,  nan,  nan,  nan,  nan,  nan,  nan,  nan,  nan,  nan,
         nan,  nan,  nan,  nan,  nan,  nan,  nan,  nan,  nan,  nan,  nan,
         nan],
       [ nan,  nan,  nan,  nan,  nan,  nan,  nan,  nan,  nan,  nan,  nan,
         nan,  nan,  nan,  nan,  nan,  nan,  nan,  nan,  nan,  nan,  nan,
         nan,  nan,  nan,  nan,  nan,  nan,  nan,  nan,  nan,  nan,  nan,
         nan,  nan,  nan,  nan,  nan,  nan,  nan,  nan,  nan,  nan,  nan,
         nan,  nan,  nan,  nan,  nan,  nan,  nan,  nan,  nan,  nan,  nan,
         nan,  nan,  nan,  nan,  nan,  nan,  nan,  nan,  nan,  nan,  nan,
         nan,  nan,  nan,  nan,  nan,  nan,  nan,  nan,  nan,  nan,  nan,
         nan,  nan,  nan,  nan,  nan,  nan,  nan,  nan,  nan,  nan,  nan,
         nan,  nan,  nan,  nan,  nan,  nan,  nan,  nan,  nan,  nan,  nan,
         nan],
       [ nan,  nan,  nan,  nan,  nan,  nan,  nan,  nan,  nan,  nan,  nan,
         nan,  nan,  nan,  nan,  nan,  nan,  nan,  nan,  nan,  nan,  nan,
         nan,  nan,  nan,  nan,  nan,  nan,  nan,  nan,  nan,  nan,  nan,
         nan,  nan,  nan,  nan,  nan,  nan,  nan,  nan,  nan,  nan,  nan,
         nan,  nan,  nan,  nan,  nan,  nan,  nan,  nan,  nan,  nan,  nan,
         nan,  nan,  nan,  nan,  nan,  nan,  nan,  nan,  nan,  nan,  nan,
         nan,  nan,  nan,  nan,  nan,  nan,  nan,  nan,  nan,  nan,  nan,
         nan,  nan,  nan,  nan,  nan,  nan,  nan,  nan,  nan,  nan,  nan,
         nan,  nan,  nan,  nan,  nan,  nan,  nan,  nan,  nan,  nan,  nan,
         nan],
       [ nan,  nan,  nan,  nan,  nan,  nan,  nan,  nan,  nan,  nan,  nan,
         nan,  nan,  nan,  nan,  nan,  nan,  nan,  nan,  nan,  nan,  nan,
         nan,  nan,  nan,  nan,  nan,  nan,  nan,  nan,  nan,  nan,  nan,
         nan,  nan,  nan,  nan,  nan,  nan,  nan,  nan,  nan,  nan,  nan,
         nan,  nan,  nan,  nan,  nan,  nan,  nan,  nan,  nan,  nan,  nan,
         nan,  nan,  nan,  nan,  nan,  nan,  nan,  nan,  nan,  nan,  nan,
         nan,  nan,  nan,  nan,  nan,  nan,  nan,  nan,  nan,  nan,  nan,
         nan,  nan,  nan,  nan,  nan,  nan,  nan,  nan,  nan,  nan,  nan,
         nan,  nan,  nan,  nan,  nan,  nan,  nan,  nan,  nan,  nan,  nan,
         nan],
       [ nan,  nan,  nan,  nan,  nan,  nan,  nan,  nan,  nan,  nan,  nan,
         nan,  nan,  nan,  nan,  nan,  nan,  nan,  nan,  nan,  nan,  nan,
         nan,  nan,  nan,  nan,  nan,  nan,  nan,  nan,  nan,  nan,  nan,
         nan,  nan,  nan,  nan,  nan,  nan,  nan,  nan,  nan,  nan,  nan,
         nan,  nan,  nan,  nan,  nan,  nan,  nan,  nan,  nan,  nan,  nan,
         nan,  nan,  nan,  nan,  nan,  nan,  nan,  nan,  nan,  nan,  nan,
         nan,  nan,  nan,  nan,  nan,  nan,  nan,  nan,  nan,  nan,  nan,
         nan,  nan,  nan,  nan,  nan,  nan,  nan,  nan,  nan,  nan,  nan,
         nan,  nan,  nan,  nan,  nan,  nan,  nan,  nan,  nan,  nan,  nan,
         nan],
       [ nan,  nan,  nan,  nan,  nan,  nan,  nan,  nan,  nan,  nan,  nan,
         nan,  nan,  nan,  nan,  nan,  nan,  nan,  nan,  nan,  nan,  nan,
         nan,  nan,  nan,  nan,  nan,  nan,  nan,  nan,  nan,  nan,  nan,
         nan,  nan,  nan,  nan,  nan,  nan,  nan,  nan,  nan,  nan,  nan,
         nan,  nan,  nan,  nan,  nan,  nan,  nan,  nan,  nan,  nan,  nan,
         nan,  nan,  nan,  nan,  nan,  nan,  nan,  nan,  nan,  nan,  nan,
         nan,  nan,  nan,  nan,  nan,  nan,  nan,  nan,  nan,  nan,  nan,
         nan,  nan,  nan,  nan,  nan,  nan,  nan,  nan,  nan,  nan,  nan,
         nan,  nan,  nan,  nan,  nan,  nan,  nan,  nan,  nan,  nan,  nan,
         nan],
       [ nan,  nan,  nan,  nan,  nan,  nan,  nan,  nan,  nan,  nan,  nan,
         nan,  nan,  nan,  nan,  nan,  nan,  nan,  nan,  nan,  nan,  nan,
         nan,  nan,  nan,  nan,  nan,  nan,  nan,  nan,  nan,  nan,  nan,
         nan,  nan,  nan,  nan,  nan,  nan,  nan,  nan,  nan,  nan,  nan,
         nan,  nan,  nan,  nan,  nan,  nan,  nan,  nan,  nan,  nan,  nan,
         nan,  nan,  nan,  nan,  nan,  nan,  nan,  nan,  nan,  nan,  nan,
         nan,  nan,  nan,  nan,  nan,  nan,  nan,  nan,  nan,  nan,  nan,
         nan,  nan,  nan,  nan,  nan,  nan,  nan,  nan,  nan,  nan,  nan,
         nan,  nan,  nan,  nan,  nan,  nan,  nan,  nan,  nan,  nan,  nan,
         nan],
       [ nan,  nan,  nan,  nan,  nan,  nan,  nan,  nan,  nan,  nan,  nan,
         nan,  nan,  nan,  nan,  nan,  nan,  nan,  nan,  nan,  nan,  nan,
         nan,  nan,  nan,  nan,  nan,  nan,  nan,  nan,  nan,  nan,  nan,
         nan,  nan,  nan,  nan,  nan,  nan,  nan,  nan,  nan,  nan,  nan,
         nan,  nan,  nan,  nan,  nan,  nan,  nan,  nan,  nan,  nan,  nan,
         nan,  nan,  nan,  nan,  nan,  nan,  nan,  nan,  nan,  nan,  nan,
         nan,  nan,  nan,  nan,  nan,  nan,  nan,  nan,  nan,  nan,  nan,
         nan,  nan,  nan,  nan,  nan,  nan,  nan,  nan,  nan,  nan,  nan,
         nan,  nan,  nan,  nan,  nan,  nan,  nan,  nan,  nan,  nan,  nan,
         nan]])
B1:
array([[ nan,  nan,  nan,  nan,  nan,  nan,  nan,  nan,  nan,  nan,  nan,
         nan,  nan,  nan,  nan,  nan,  nan,  nan,  nan,  nan,  nan,  nan,
         nan,  nan,  nan,  nan,  nan,  nan,  nan,  nan,  nan,  nan,  nan,
         nan,  nan,  nan,  nan,  nan,  nan,  nan,  nan,  nan,  nan,  nan,
         nan,  nan,  nan,  nan,  nan,  nan,  nan,  nan,  nan,  nan,  nan,
         nan,  nan,  nan,  nan,  nan,  nan,  nan,  nan,  nan,  nan,  nan,
         nan,  nan,  nan,  nan,  nan,  nan,  nan,  nan,  nan,  nan,  nan,
         nan,  nan,  nan,  nan,  nan,  nan,  nan,  nan,  nan,  nan,  nan,
         nan,  nan,  nan,  nan,  nan,  nan,  nan,  nan,  nan,  nan,  nan,
         nan]])
Z1:
array([[ 24.84963414,  23.58960218,  18.30609784, ...,  13.83768698,
        -10.23720755,  21.50529102],
       [ 26.29598926,  32.13630953,  20.88595647, ...,  13.9588588 ,
        -19.11947653,  27.55676152],
       [ 27.54089943,  35.84753421,  22.57050432, ...,  13.34211158,
        -18.69943215,  28.63987293],
       ..., 
       [ 20.16018805,  21.92272171,  15.41679405, ...,  11.57432166,
         -2.38579267,  20.26298021],
       [ 23.21087852,  21.85987169,  15.34651265, ...,  13.13013819,
         -2.1622718 ,  20.54752585],
       [ 21.7645234 ,  13.31316434,  12.76665402, ...,  13.00896637,
          6.71999719,  14.49605535]])
A1:
array([[  1.00000000e+00,   1.00000000e+00,   9.99999989e-01, ...,
          9.99999022e-01,   3.58114329e-05,   1.00000000e+00],
       [  1.00000000e+00,   1.00000000e+00,   9.99999999e-01, ...,
          9.99999134e-01,   4.97183654e-09,   1.00000000e+00],
       [  1.00000000e+00,   1.00000000e+00,   1.00000000e+00, ...,
          9.99998395e-01,   7.56727989e-09,   1.00000000e+00],
       ..., 
       [  9.99999998e-01,   1.00000000e+00,   9.99999798e-01, ...,
          9.99990596e-01,   8.42625118e-02,   9.99999998e-01],
       [  1.00000000e+00,   1.00000000e+00,   9.99999784e-01, ...,
          9.99998015e-01,   1.03190025e-01,   9.99999999e-01],
       [  1.00000000e+00,   9.99998347e-01,   9.99997146e-01, ...,
          9.99997760e-01,   9.98794912e-01,   9.99999494e-01]])
W2:
array([[  1.66552689e+01,   7.79488377e+00,   4.69111481e+00,
         -1.09508206e+02,   2.42060429e+01,   1.87343774e+01,
          1.40905806e+01,              nan,   5.45087423e+00],
       [ -1.37730510e+01,  -2.11671699e+01,  -1.83972310e+01,
         -1.48265905e+02,  -9.61007796e+00,  -8.62559714e+00,
         -1.72191913e+01,              nan,  -2.37521230e+01],
       [  2.01960029e+01,   8.65659692e+00,   1.13888283e+01,
         -1.22744595e+02,   2.21864859e+01,   2.22855810e+01,
          1.40436927e+01,              nan,   8.40629861e+00],
       [ -3.80348252e+00,  -1.75242732e+01,  -1.19965072e+01,
         -1.65051277e+02,  -6.49861415e+00,  -1.99268402e-01,
         -1.28737357e+01,              nan,  -1.82456701e+01],
       [  8.47877661e+00,  -2.40895488e+00,  -1.49991823e+00,
         -5.29341856e+01,   1.11151228e+01,   1.28101634e+01,
          3.42726821e+00,              nan,  -1.80328027e+00],
       [  1.49530641e+01,   3.50328125e+00,   6.72331139e+00,
         -1.43922928e+02,   1.79777321e+01,   1.76216067e+01,
          9.36190039e+00,              nan,   3.21768266e+00],
       [ -1.11981990e+01,  -1.77515605e+01,  -1.56927555e+01,
         -4.24214490e+01,  -7.61860210e+00,  -8.51719544e+00,
         -1.47940101e+01,              nan,  -1.61890164e+01],
       [  4.16573532e+00,  -8.39122024e+00,  -2.48532718e+00,
         -6.50983534e+01,   5.23076295e+00,   6.90964499e+00,
         -1.27896756e+00,              nan,  -7.04775371e+00],
       [  1.98562596e+01,   7.91090494e+00,   1.10067257e+01,
         -1.19413373e+02,   2.13398950e+01,   2.18268879e+01,
          1.32808030e+01,              nan,   7.67747228e+00],
       [ -1.11601574e+01,  -1.92985351e+01,  -1.68136382e+01,
         -4.95715954e+01,  -7.86510222e+00,  -1.27240854e+01,
         -1.51027193e+01,              nan,  -1.65674482e+01],
       [  4.17770844e+00,  -6.87364366e+00,  -5.12164303e+00,
         -5.48002503e+01,   3.54473443e+00,   4.06173196e+00,
         -2.90506661e+00,              nan,  -9.03137622e+00],
       [  2.09905524e+01,   9.71678193e+00,   1.28410366e+01,
         -1.38704694e+02,   2.32836995e+01,   2.35344375e+01,
          1.55566593e+01,              nan,   9.20186506e+00],
       [ -2.69358869e+01,  -4.09882416e+01,  -3.87028443e+01,
         -1.13266849e+02,  -3.17379638e+01,  -2.54615834e+01,
         -3.34698361e+01,              nan,  -3.91272965e+01],
       [  2.04516947e+01,   8.24213476e+00,   1.20566807e+01,
         -1.42106431e+02,   2.22497054e+01,   2.33409338e+01,
          1.51136477e+01,              nan,   8.38343940e+00],
       [  1.14711871e+00,  -1.15521688e+01,  -7.08122627e+00,
         -1.38656065e+02,   5.63433730e+00,   6.01372236e+00,
         -4.19059570e+00,              nan,  -1.06571521e+01],
       [ -1.24211833e+01,  -2.18630073e+01,  -1.93735072e+01,
         -4.09405167e+01,  -2.05008155e+01,  -9.93825028e+00,
         -1.88271701e+01,              nan,  -2.03786265e+01],
       [  1.89070778e+01,   8.50805782e+00,   1.17055205e+01,
         -1.26414352e+02,   2.24754879e+01,   2.22079440e+01,
          1.41022257e+01,              nan,   8.55688243e+00],
       [  9.59722428e+00,  -9.87260979e-01,   3.24495612e-01,
         -6.79732596e+01,   1.10493329e+01,   1.42008700e+01,
          4.19439816e+00,              nan,  -2.36810243e+00],
       [  6.96623999e+00,  -4.64988572e+00,  -1.52641012e+00,
         -1.40292595e+02,   8.58452066e+00,   9.73349375e+00,
          3.70405599e-02,              nan,  -5.82704862e+00],
       [  2.03206776e+01,   7.78407111e+00,   1.20226710e+01,
         -1.44351117e+02,   2.19564581e+01,   2.18532940e+01,
          1.36419178e+01,              nan,   7.74404272e+00],
       [ -9.32188222e+00,  -1.69275079e+01,  -1.85389679e+01,
         -4.86991096e+01,  -6.07526671e+00,  -1.14298779e+00,
         -1.23108537e+01,              nan,  -1.60709739e+01],
       [  1.14350140e+01,   6.20396857e-01,   1.94131453e+00,
         -5.29105376e+01,   1.23628882e+01,   1.47629209e+01,
          5.19827839e+00,              nan,   3.85106073e-01],
       [ -8.90478812e+00,  -2.27138203e+01,  -1.49452230e+01,
         -1.41219224e+02,  -8.68721255e+00,  -8.95617829e+00,
         -1.78155278e+01,              nan,  -2.15079869e+01],
       [  1.73719108e+01,   4.82024660e+00,   8.76852221e+00,
         -1.42892515e+02,   1.92224465e+01,   1.84331956e+01,
          1.02376653e+01,              nan,   5.51762956e+00],
       [  9.87009370e+00,  -5.90117937e-01,   9.27659465e-01,
         -4.41601680e+01,   1.12357898e+01,   1.37016125e+01,
          4.54819500e+00,              nan,  -8.13878416e-01],
       [  2.11157949e+01,   9.44708247e+00,   1.27428025e+01,
         -1.37755260e+02,   2.31040186e+01,   2.36788338e+01,
          1.61012054e+01,              nan,   9.19069463e+00],
       [  1.99456660e+01,   8.60903772e+00,   1.16500492e+01,
         -1.24576899e+02,   2.20090454e+01,   2.22889145e+01,
          1.34630015e+01,              nan,   7.72288528e+00],
       [ -3.25103255e+01,  -4.28499991e+01,  -4.03227980e+01,
         -6.60819786e+01,  -4.32840302e+01,  -2.92846931e+01,
         -3.90725822e+01,              nan,  -4.04715453e+01],
       [  1.19077217e+01,  -3.33149176e+00,   6.52731191e-01,
         -9.27769785e+01,   1.32478489e+01,   9.61525013e+00,
          5.89035334e+00,              nan,  -2.44354993e+00],
       [ -1.83350121e+01,  -2.88240853e+01,  -2.68931541e+01,
         -6.72264857e+01,  -1.69298224e+01,  -1.45872956e+01,
         -2.28530789e+01,              nan,  -2.67172699e+01],
       [  5.29679897e+00,  -5.34909300e+00,  -1.67750769e+00,
         -1.26384773e+02,   7.19619817e+00,   7.89920258e+00,
         -1.49475673e+00,              nan,  -6.57754298e+00],
       [  2.85198778e+00,  -6.98797999e+00,  -4.15338846e+00,
         -1.61079391e+02,   4.30973633e+00,   5.73849281e+00,
         -1.10954299e+00,              nan,  -8.51386308e+00],
       [  2.05649415e+01,   9.26491896e+00,   1.22107081e+01,
         -1.27547470e+02,   2.27535000e+01,   2.27766329e+01,
          1.44586478e+01,              nan,   8.82768320e+00],
       [  1.04218191e-01,  -8.43288304e+00,  -9.74181501e+00,
         -3.80657973e+01,   1.10242553e+00,   5.34810576e+00,
         -3.16284412e+00,              nan,  -8.72821035e+00],
       [ -9.27167279e+00,  -1.53251573e+01,  -1.77962072e+01,
         -3.21459467e+01,  -5.13811297e+00,  -9.12729437e+00,
         -1.46316544e+01,              nan,  -1.42162327e+01],
       [  1.09794946e+01,   1.98660644e-01,   2.34254197e+00,
         -1.50735020e+02,   1.41752195e+01,   1.43386927e+01,
          6.27659778e+00,              nan,  -3.38888189e-01],
       [  2.10695242e+01,   8.26546527e+00,   1.19650883e+01,
         -1.35199652e+02,   2.25418226e+01,   2.27907641e+01,
          1.56120355e+01,              nan,   9.79598586e+00],
       [ -1.08332566e+01,  -2.04863153e+01,  -1.91042092e+01,
         -4.01847797e+01,  -9.62289569e+00,  -6.42469550e+00,
         -2.61478272e+01,              nan,  -1.97720936e+01],
       [  9.46652954e+00,  -2.46363228e+00,  -4.05726644e+00,
         -5.11021184e+01,   5.72997295e+00,   1.00649447e+01,
          1.74705995e+00,              nan,  -4.14400393e+00],
       [  2.12663706e+01,   9.38448088e+00,   1.28808710e+01,
         -1.40077528e+02,   2.28503188e+01,   2.32523904e+01,
          1.55640680e+01,              nan,   9.24600291e+00],
       [ -7.16021173e+00,  -1.87553852e+01,  -1.62639611e+01,
         -7.12350827e+01,  -7.40711214e+00,  -4.90209900e+00,
         -1.27814487e+01,              nan,  -2.58543342e+01],
       [  1.80397860e+01,   7.72923358e+00,   9.70195388e+00,
         -1.43507864e+02,   2.06811307e+01,   2.09132261e+01,
          1.21704694e+01,              nan,   6.26967606e+00],
       [ -4.78505991e+00,  -1.47654219e+01,  -1.56044330e+01,
         -3.55789936e+01,  -4.67310262e+00,  -4.45269808e+00,
         -1.01550476e+01,              nan,  -1.45413000e+01],
       [  1.49247152e+01,   2.47130694e+00,   4.01254623e+00,
         -1.00656638e+02,   1.48925656e+01,   1.73487522e+01,
          8.25353490e+00,              nan,   7.09153856e-01],
       [  1.99576558e+01,   8.38751907e+00,   1.13838727e+01,
         -1.41550556e+02,   2.28476011e+01,   2.37552348e+01,
          1.45846238e+01,              nan,   7.64990932e+00],
       [  1.86035145e+01,   8.42138407e+00,   1.14975296e+01,
         -1.42724337e+02,   2.21194869e+01,   2.26652324e+01,
          1.43758896e+01,              nan,   7.88895121e+00],
       [  1.55677420e+01,   4.15780749e+00,   7.26424764e+00,
         -1.44859642e+02,   1.83487023e+01,   1.76543270e+01,
          9.46708042e+00,              nan,   3.23574049e+00],
       [  2.14277502e+01,   9.89165954e+00,   1.30180508e+01,
         -1.36905132e+02,   2.35002660e+01,   2.36985511e+01,
          1.57153490e+01,              nan,   9.39686578e+00],
       [ -3.57271322e+00,  -1.02709169e+01,  -8.90918863e+00,
         -1.51279669e+02,  -5.55765457e-01,  -2.41810725e+00,
         -7.48565129e+00,              nan,  -1.30457079e+01],
       [  1.38376212e+01,   3.29289488e+00,   5.28002909e+00,
         -7.94055287e+01,   1.54888747e+01,   1.76004176e+01,
          8.81342391e+00,              nan,   2.32954626e+00],
       [  1.08368751e+01,  -7.98657906e-01,   2.24908046e+00,
         -1.49151282e+02,   1.39285877e+01,   1.34933038e+01,
          4.97747663e+00,              nan,  -3.01043317e-01],
       [  8.99422720e+00,  -4.81360173e+00,   4.57745773e-01,
         -1.43740074e+02,   8.81428406e+00,   6.77400241e+00,
          1.42779808e+00,              nan,  -4.69320683e+00],
       [  1.34093038e+01,   1.95192695e-01,   2.39225462e+00,
         -6.46420216e+01,   1.36056867e+01,   1.52733056e+01,
          5.72266827e+00,              nan,   6.47620915e-01],
       [  1.17113066e+01,   5.10216636e-01,   2.45372791e+00,
         -6.46896822e+01,   1.33839811e+01,   1.55729251e+01,
          5.53871721e+00,              nan,   4.53134784e-01],
       [ -1.44982606e+01,  -2.41664724e+01,  -3.38829368e+01,
         -6.18249214e+01,  -1.03905131e+01,  -1.00156497e+01,
         -1.93087947e+01,              nan,  -2.41624224e+01],
       [ -9.63344162e+00,  -1.97075265e+01,  -2.00098196e+01,
         -1.31580780e+02,  -9.27292798e+00,  -6.82844347e+00,
         -1.81772152e+01,              nan,  -2.42721073e+01],
       [  1.94276023e+01,   6.86376594e+00,   7.07001003e+00,
         -1.07361969e+02,   2.11289644e+01,   1.76903227e+01,
          1.00992685e+01,              nan,   7.39301349e+00],
       [  8.61566465e-01,  -8.56125471e+00,  -5.96861942e+00,
         -1.44020082e+02,   5.69301054e+00,   4.74402507e+00,
         -2.66706937e+00,              nan,  -9.39384106e+00],
       [  6.89872184e+00,  -2.68065812e+00,  -4.41151291e-01,
         -5.80663741e+01,   8.94058809e+00,   1.17087586e+01,
          3.00069839e+00,              nan,  -2.19428189e+00],
       [  6.85741174e+00,  -5.49314285e+00,  -1.98802511e+00,
         -1.36783405e+02,   7.02741461e+00,   8.79368100e+00,
         -9.77601789e-01,              nan,  -7.80878404e+00],
       [ -4.20812437e+00,  -1.86658866e+01,  -1.77061254e+01,
         -1.48698425e+02,  -4.59243008e+00,   6.59912078e-01,
         -9.10284907e+00,              nan,  -1.73356603e+01],
       [ -1.77107914e+01,  -2.79453166e+01,  -2.68178830e+01,
         -7.89382554e+01,  -1.46589481e+01,  -1.38470536e+01,
         -2.35311241e+01,              nan,  -3.67498834e+01],
       [  2.12278253e+01,   9.45213723e+00,   1.34171974e+01,
         -1.37644473e+02,   2.32152583e+01,   2.32345943e+01,
          1.50898156e+01,              nan,   8.94229358e+00],
       [  9.32436709e+00,  -3.95143046e+00,  -6.53210094e+00,
         -2.82061401e+01,   7.83227515e+00,   7.46080400e+00,
          1.36600224e+00,              nan,  -3.01988083e+00],
       [ -2.63616986e+01,  -3.03913272e+01,  -4.53133260e+01,
         -5.26949338e+01,  -2.81798416e+01,  -2.73176522e+01,
         -2.74812325e+01,              nan,  -3.08812742e+01],
       [  1.92288693e+01,   7.81127867e+00,   1.04830775e+01,
         -1.14444449e+02,   2.10780853e+01,   2.15927363e+01,
          1.29360887e+01,              nan,   7.13575250e+00],
       [  4.92533274e+00,  -3.53932061e+00,  -3.40114076e+00,
         -5.25700864e+01,   9.29778230e+00,   1.03116579e+01,
         -3.30841778e-01,              nan,  -4.88891137e+00],
       [ -1.96439397e+01,  -4.36003394e+01,  -2.80484188e+01,
         -9.88525765e+01,  -1.86127595e+01,  -1.76634817e+01,
         -2.49220871e+01,              nan,  -3.23454452e+01],
       [ -7.76772025e+00,  -1.75227104e+01,  -1.45835310e+01,
         -5.50569738e+01,  -6.01754592e+00,  -2.35787537e+00,
         -1.20714937e+01,              nan,  -1.89976203e+01],
       [ -4.80755417e+00,  -1.60047390e+01,  -1.24785121e+01,
         -8.01839058e+01,  -2.28775124e+00,   4.90860881e-01,
         -8.74972221e+00,              nan,  -2.28412280e+01],
       [  6.65875510e+00,  -4.77106238e+00,  -2.62406205e+00,
         -5.44750501e+01,   9.78705771e+00,   1.02340055e+01,
          1.51415337e+00,              nan,  -4.83519017e+00],
       [  1.17493801e+01,   7.01481529e-01,   2.40983667e+00,
         -5.70624053e+01,   1.29793624e+01,   1.51498728e+01,
          6.01207273e+00,              nan,   8.96886370e-01],
       [  1.08556572e+01,   3.93890492e-01,   1.99474651e+00,
         -5.29972997e+01,   1.23010339e+01,   1.47842114e+01,
          5.38232992e+00,              nan,   2.76644869e-02],
       [ -1.66063561e+01,  -3.50133930e+01,  -2.53290280e+01,
         -6.15833952e+01,  -1.52683172e+01,  -1.28676132e+01,
         -2.17902276e+01,              nan,  -2.60862938e+01],
       [ -1.10214789e+01,  -1.97843605e+01,  -1.63397061e+01,
         -5.55930611e+01,  -8.24101376e+00,  -3.40787658e+00,
         -1.50195561e+01,              nan,  -1.95102374e+01],
       [ -1.46265515e+00,  -1.49294674e+01,  -1.03511919e+01,
         -1.61370858e+02,   3.13029721e+00,  -3.43109072e-01,
         -5.59678564e+00,              nan,  -1.56467704e+01],
       [ -1.58655652e+01,  -2.29000401e+01,  -2.44013977e+01,
         -4.19269980e+01,  -1.65784809e+01,  -1.16354362e+01,
         -2.10654277e+01,              nan,  -2.43391341e+01],
       [  4.24312627e+00,  -6.34343415e+00,  -2.75337606e+00,
         -1.42334225e+02,   9.24618231e+00,   8.16638424e+00,
          6.75793382e-01,              nan,  -6.72849052e+00],
       [ -7.75776776e+00,  -1.76051188e+01,  -1.54118653e+01,
         -8.85868627e+01,  -4.90798687e+00,  -1.16778163e+01,
         -1.30727097e+01,              nan,  -1.78385289e+01],
       [ -2.80966779e+01,  -2.93893092e+01,  -2.72537705e+01,
         -7.20862654e+01,  -1.61563670e+01,  -1.38829402e+01,
         -2.36087093e+01,              nan,  -2.85885339e+01],
       [  1.29723415e+01,   1.68181533e+00,   3.53888849e+00,
         -6.98548494e+01,   1.44042828e+01,   1.62314143e+01,
          7.08846335e+00,              nan,   1.61316786e+00],
       [  8.37442451e+00,  -3.68161949e+00,  -1.88596401e+00,
         -3.07516185e+01,   1.40045818e+01,   1.04556450e+01,
          5.03561115e+00,              nan,  -4.23623408e+00],
       [ -1.43162259e+01,  -2.51111211e+01,  -2.45968483e+01,
         -1.18059714e+02,  -8.70434954e+00,  -1.19448911e+01,
         -2.91845300e+01,              nan,  -2.54334590e+01],
       [  9.99734354e+00,  -2.75268437e+00,  -7.02411906e-01,
         -1.12054033e+02,   9.40144604e+00,   1.16101264e+01,
          3.44227051e+00,              nan,  -2.05239097e+00],
       [ -1.96404290e+01,  -3.00369982e+01,  -2.71350229e+01,
         -1.20324565e+02,  -1.62319491e+01,  -1.84523654e+01,
         -2.43201183e+01,              nan,  -2.99360034e+01],
       [  5.76644735e+00,  -4.87823445e+00,  -2.15427662e+00,
         -2.48378298e+01,   2.65550025e+00,   9.72339202e+00,
         -1.02586424e+00,              nan,  -5.05439745e+00],
       [  1.12153357e+01,   2.15202062e+00,   3.07329442e+00,
         -6.94642881e+01,   1.48060697e+01,   1.63280021e+01,
          7.02585515e+00,              nan,   1.97692486e+00],
       [  5.10511265e+00,  -5.23808703e+00,  -3.51895808e+00,
         -6.72968621e+01,   7.97421487e+00,   1.00794273e+01,
         -2.69747724e-01,              nan,  -7.61778342e+00],
       [  1.74324614e+01,   4.28527587e+00,   8.50134178e+00,
         -1.44547812e+02,   1.88618390e+01,   1.90202793e+01,
          1.08346744e+01,              nan,   4.82461008e+00],
       [  1.16642085e+01,   4.30490417e-01,   3.42766120e+00,
         -1.47056005e+02,   1.43974109e+01,   1.53788320e+01,
          5.64072122e+00,              nan,  -2.59517118e-01],
       [ -1.80441498e+01,  -2.23419682e+01,  -1.96594815e+01,
         -1.26623967e+02,  -1.02911498e+01,  -8.51780652e+00,
         -1.76433742e+01,              nan,  -2.28796967e+01],
       [  5.46403984e+00,  -3.89995692e+00,  -5.02526069e+00,
         -7.46847947e+01,   5.62808202e+00,   1.06998843e+01,
          1.88974496e+00,              nan,  -6.43966261e+00],
       [  1.06500120e+01,   3.66630452e+00,   3.45476025e+00,
         -9.97644636e+01,   1.63657287e+01,   1.56828767e+01,
          5.44942914e+00,              nan,   6.01665865e-01],
       [  1.86089507e+01,   6.96247443e+00,   1.09577713e+01,
         -1.46717972e+02,   2.04201463e+01,   2.21999894e+01,
          1.44385560e+01,              nan,   6.15889726e+00],
       [  5.06052701e+00,  -7.03451900e+00,  -1.75796271e+00,
         -6.61133351e+01,   7.09181632e+00,   6.64195320e+00,
          1.25653008e+00,              nan,  -4.95386156e+00],
       [ -1.70227913e+00,  -1.13627101e+01,  -8.78069704e+00,
         -1.37799172e+02,   1.14910324e+00,   2.40847905e+00,
         -7.79548194e+00,              nan,  -1.21888715e+01],
       [  1.15652703e+01,  -5.01993097e-01,   2.35952475e+00,
         -6.34568578e+01,   1.44128017e+01,   1.77721735e+01,
          5.49260839e+00,              nan,   1.77876254e+00],
       [  1.09612172e+01,   1.46214506e+00,   6.30998240e-01,
         -6.20727704e+01,   1.45916739e+01,   1.59592183e+01,
          7.08420164e+00,              nan,   1.33276875e+00],
       [ -6.56783910e+00,  -1.38067082e+01,  -1.25323006e+01,
         -1.23507892e+01,  -1.04735865e+01,  -7.52765463e+00,
         -8.98197980e+00,              nan,  -1.15266528e+01],
       [  2.49025394e+00,  -9.69265750e+00,  -4.98309996e+00,
         -1.40449863e+02,   6.95556340e+00,   8.32878438e+00,
         -2.01618575e+00,              nan,  -8.91405924e+00]])
B2:
array([[ -65.43682279,  -77.6288558 ,  -73.76350852, -202.74828105,
         -64.18770473,  -62.19678617,  -70.46516567,           nan,
         -77.6424813 ]])
Z2:
array([[ 207.88349312, -791.10644706, -579.04010739, ..., -285.12149846,
         593.5458328 , -817.23050022],
       [ 224.2281329 , -756.13351446, -556.40120088, ..., -250.9429048 ,
         594.23735432, -786.20618636],
       [ 211.56178967, -783.2564719 , -587.05857239, ..., -272.27717919,
         589.64724933, -812.11494443],
       ..., 
       [ 230.19256807, -818.82324127, -610.92658336, ..., -299.22492489,
         604.27963399, -843.87849333],
       [ 233.57353892, -813.26579943, -604.11572772, ..., -293.7065866 ,
         605.68267437, -838.68717054],
       [ 192.37833031, -872.38784233, -660.46570539, ..., -344.74346937,
         571.49252959, -893.06383297]])\EXP:
array([[  1.91714050e+090,   1.00000000e-005,   3.35796806e-252, ...,
          1.49041271e-124,   5.93854349e+257,   1.00000000e-005],
       [  2.40458872e+097,   1.00000000e-005,   2.28049295e-242, ...,
          1.03963567e-109,   1.18577946e+258,   1.00000000e-005],
       [  7.58783421e+091,   1.00000000e-005,   1.10586333e-255, ...,
          5.64317517e-119,   1.20377870e+256,   1.00000000e-005],
       ..., 
       [  9.36185882e+099,   1.00000000e-005,   4.76382718e-266, ...,
          1.11754822e-130,   2.72464902e+262,   1.00000000e-005],
       [  2.75232091e+101,   1.00000000e-005,   4.32387392e-263, ...,
          2.78515994e-128,   1.10826409e+263,   1.00000000e-005],
       [  3.53872888e+083,   1.00000000e-005,   1.45676220e-287, ...,
          1.90464298e-150,   1.57055103e+248,   1.00000000e-005]])